100 2475
37 22 0
41 78 557
59 67 400
3 16 416
14 97 661
4 83 300
88 33 98
39 26 985
58 14 551
22 3 357
80 89 128
14 1 621
27 45 581
7 53 443
90 5 483
96 43 141
96 28 71
15 16 844
12 82 194
49 88 503
14 91 442
36 28 831
44 43 817
94 52 260
54 86 309
17 31 8
60 14 308
34 94 842
45 84 916
67 97 513
75 0 816
46 8 498
44 17 358
89 0 674
72 2 179
77 88 803
80 18 698
84 31 388
66 23 421
7 6 24
36 50 430
48 49 634
71 25 126
89 32 103
69 68 138
36 46 449
10 1 193
1 27 155
2 69 825
49 66 313
11 60 104
39 8 260
81 21 370
69 55 508
42 33 346
80 61 733
97 2 670
73 51 238
23 74 354
29 82 574
21 3 370
37 88 397
11 40 633
7 44 843
51 92 839
34 43 58
76 49 78
40 95 412
17 59 271
63 93 816
5 44 732
45 33 149
17 82 122
52 15 436
13 51 749
71 72 376
76 70 386
9 57 798
52 4 22
63 38 418
53 59 571
55 66 102
59 17 586
74 41 251
82 10 174
31 7 513
64 57 67
47 84 129
27 33 160
48 52 558
29 16 141
47 78 590
77 94 390
66 85 555
98 2 444
39 9 801
89 27 19
99 32 630
20 26 41
72 96 858
57 87 149
50 23 776
61 58 961
60 92 489
34 34 524
42 93 436
45 45 767
55 31 977
12 84 660
33 87 992
62 47 434
52 20 537
11 16 484
49 11 218
18 24 352
89 10 659
74 70 415
50 22 550
4 23 564
57 2 567
25 9 427
88 84 575
13 41 54
60 16 610
54 82 24
31 88 852
68 4 219
11 86 123
48 73 979
93 4 556
9 51 12
1 54 590
79 52 451
95 32 181
62 66 114
94 80 620
51 91 571
79 99 944
98 35 106
50 62 506
20 13 112
20 68 488
54 27 132
1 94 872
97 67 13
36 65 381
38 36 274
33 36 429
93 14 540
94 62 44
92 73 271
92 44 80
2 11 856
67 13 73
71 31 869
80 76 418
3 42 832
79 60 871
25 44 700
55 47 10
88 60 766
78 29 805
37 63 95
63 87 888
44 87 417
49 95 269
8 10 744
45 85 797
63 30 399
74 30 913
98 93 391
45 87 698
96 36 551
51 37 303
22 62 438
6 88 232
73 10 572
34 73 415
25 17 920
35 24 408
58 66 814
32 50 977
2 9 626
1 73 452
7 75 637
72 23 939
19 4 522
98 94 628
61 32 335
58 43 291
82 68 712
63 80 109
66 77 165
36 83 58
94 28 90
5 60 863
95 62 640
0 32 1
11 17 947
42 55 29
99 39 648
27 50 704
24 85 405
66 32 818
86 60 904
77 2 940
65 16 910
22 44 873
95 53 851
54 32 552
13 77 553
28 33 509
5 84 692
3 69 590
13 40 383
28 42 378
83 69 861
80 38 471
32 52 413
52 31 227
47 72 636
21 22 746
21 55 390
86 42 285
6 36 230
3 77 401
87 95 420
25 26 227
93 65 367
37 54 666
19 98 435
8 44 539
18 13 463
91 26 315
12 49 630
89 35 265
11 73 451
18 8 694
19 39 957
35 92 266
87 98 738
25 70 200
57 96 599
99 92 475
83 47 678
83 48 684
77 65 140
72 86 74
39 82 189
54 15 908
44 66 333
20 18 725
94 8 656
91 95 658
71 58 880
41 56 153
31 1 523
33 89 260
20 41 278
89 88 525
13 92 662
23 33 38
57 59 623
61 99 232
49 99 723
5 57 924
90 7 472
4 29 272
86 99 824
99 65 423
0 39 299
55 1 868
36 56 927
93 16 639
37 6 408
39 38 651
28 91 164
85 0 545
21 70 738
71 4 670
51 7 487
42 81 827
47 90 76
99 42 538
18 82 273
92 88 13
65 53 940
73 72 242
94 46 36
68 98 769
16 26 944
50 40 597
80 53 245
54 67 151
55 34 80
79 8 460
47 88 45
61 82 809
78 38 37
73 67 598
29 92 312
47 10 166
27 16 664
23 46 814
62 85 548
29 63 789
88 78 261
55 39 908
87 31 199
88 46 719
51 6 632
47 47 43
94 17 122
80 47 746
83 10 288
57 72 147
18 62 186
52 1 282
77 75 339
15 70 528
82 83 567
36 38 170
25 94 698
36 80 954
34 4 957
63 16 131
19 29 846
4 39 862
73 35 547
72 40 428
85 19 51
42 48 676
16 21 786
90 53 595
62 58 627
43 29 225
86 38 1
17 17 746
8 30 901
96 49 559
25 53 878
80 95 77
38 41 288
57 1 988
9 98 966
57 45 58
61 96 82
9 99 560
75 15 440
40 28 729
89 93 925
70 10 274
16 10 118
83 55 878
54 75 444
50 26 101
94 14 453
53 61 292
27 25 345
37 37 686
46 82 319
69 22 876
9 64 10
97 51 697
68 73 7
64 33 334
40 88 78
75 45 669
60 24 652
2 92 478
80 37 698
58 24 140
22 80 721
14 22 978
34 59 248
49 78 46
67 69 92
80 19 795
73 54 729
85 58 224
84 39 741
19 33 874
87 78 90
97 59 121
11 24 424
79 97 949
31 47 317
45 50 445
69 53 814
64 39 41
1 76 241
77 68 237
92 93 721
4 53 425
75 3 500
70 31 990
57 94 854
70 5 31
38 82 143
46 43 929
67 89 911
75 28 130
12 19 250
81 27 626
5 86 601
17 72 808
28 13 833
3 5 444
41 39 611
45 34 934
7 78 967
87 38 580
58 85 376
98 81 261
5 91 770
19 93 228
20 54 262
43 70 78
12 55 614
18 76 459
42 44 703
41 7 506
99 56 278
15 11 195
96 32 79
14 42 451
31 86 335
7 60 179
34 82 23
83 45 894
70 3 335
9 53 469
92 53 850
85 89 484
72 72 782
49 94 986
54 85 973
13 1 974
50 55 979
22 76 156
66 84 603
33 70 553
72 71 922
0 76 204
24 6 753
16 1 226
9 75 748
53 24 436
91 19 607
84 48 371
10 77 791
7 64 911
50 74 440
26 30 374
91 84 511
2 57 527
12 20 995
57 34 738
82 52 261
30 3 791
35 32 402
44 68 619
93 73 174
44 39 42
82 19 115
30 70 429
17 11 518
57 77 91
94 34 485
70 90 676
73 74 94
76 85 838
47 51 653
11 93 909
34 7 188
52 34 734
59 51 704
49 14 361
45 0 49
11 12 801
7 97 707
93 51 339
23 39 0
64 70 472
44 80 393
6 67 591
16 84 541
56 11 114
60 26 269
12 81 14
22 9 948
41 94 347
46 91 464
32 72 462
39 40 491
95 51 776
86 24 788
32 29 334
25 37 306
14 41 878
37 1 298
53 15 370
73 96 969
59 46 363
84 45 312
35 90 131
19 2 747
82 75 181
23 86 342
13 14 283
96 26 545
33 58 826
80 96 11
50 97 366
80 60 321
87 27 111
25 36 123
30 44 892
58 2 280
51 34 51
23 15 739
8 0 343
41 90 461
14 99 270
32 37 32
95 77 167
81 87 432
98 66 318
83 32 220
99 34 134
69 35 690
72 69 346
38 60 298
33 61 536
39 81 638
28 48 819
12 42 172
78 96 522
41 73 47
8 1 615
55 9 971
93 96 166
90 91 420
19 12 535
24 79 237
23 70 245
97 3 529
15 94 395
9 81 773
20 70 501
5 70 184
91 44 419
18 6 679
63 1 733
77 38 95
10 75 49
76 93 819
21 62 503
61 49 683
53 63 997
54 69 268
53 97 476
46 1 141
95 19 864
6 91 424
51 58 678
61 7 979
67 55 741
63 46 490
99 33 25
38 89 466
92 34 173
12 90 941
72 89 139
23 44 634
0 15 329
85 68 612
65 82 942
15 42 26
3 48 725
27 80 839
3 40 203
89 34 20
10 76 978
61 40 168
48 37 296
36 19 540
96 20 771
76 1 887
63 78 564
1 59 245
19 74 357
75 97 218
76 21 882
74 69 828
91 42 632
28 1 729
50 73 324
9 89 417
91 13 882
71 97 864
14 98 458
41 31 2
43 26 358
1 40 798
42 78 427
3 78 458
34 47 896
71 32 325
15 6 530
64 21 978
48 91 564
91 88 706
40 99 36
46 78 870
35 39 471
67 11 255
19 76 856
41 86 714
18 7 589
44 90 422
80 43 400
27 55 430
17 88 157
25 28 937
35 20 743
63 6 311
47 14 145
45 19 159
10 99 794
89 48 920
73 1 978
97 83 793
88 63 812
69 34 425
45 17 739
43 66 133
32 8 740
78 70 477
71 46 67
95 25 74
98 32 25
2 58 410
58 95 745
34 66 109
61 34 297
88 52 356
53 14 91
48 39 187
21 80 573
40 90 626
34 19 487
45 57 264
32 27 385
73 88 326
99 6 373
77 47 950
47 83 395
11 44 382
60 53 804
76 34 545
79 35 665
83 43 999
50 17 211
40 65 578
8 7 487
0 64 125
94 26 251
41 1 195
1 5 816
0 19 587
28 76 195
64 89 522
92 75 548
39 32 809
88 70 931
32 67 440
36 89 610
67 18 647
49 35 13
53 53 20
13 9 784
72 41 820
45 39 816
23 54 299
20 6 617
13 52 636
9 3 430
74 24 595
19 21 813
48 84 225
43 99 536
58 56 768
78 88 767
13 53 16
20 57 680
62 43 493
14 63 754
69 40 422
33 45 895
48 28 350
49 84 645
65 75 460
44 10 543
19 92 373
99 8 625
13 44 825
4 32 851
80 27 908
1 23 552
75 79 991
67 57 862
58 90 778
15 97 231
35 60 928
35 5 992
37 47 841
75 73 518
97 11 305
87 19 968
25 32 407
75 35 79
84 22 951
45 48 870
43 61 130
30 51 493
9 56 337
39 90 535
55 93 777
98 90 295
0 84 334
48 90 502
99 15 321
81 49 549
10 64 616
25 11 360
0 72 532
35 12 729
83 16 800
80 29 601
19 23 608
98 5 793
12 80 412
47 99 941
74 71 686
96 55 300
16 73 582
60 94 265
64 56 17
69 77 2
48 14 589
64 92 74
65 43 658
27 93 984
61 13 137
37 85 701
98 7 58
59 12 724
42 10 411
65 58 305
48 24 711
73 64 197
77 90 804
37 57 737
11 59 945
0 57 567
41 60 583
1 62 878
14 51 174
6 59 437
68 70 8
41 10 572
45 43 524
69 50 959
87 14 781
56 6 307
78 71 543
43 83 245
59 42 37
92 57 480
63 28 148
43 81 772
94 7 592
73 13 357
71 74 661
8 72 192
42 87 752
94 89 454
72 34 557
30 93 898
56 56 998
77 3 37
33 83 541
38 66 189
40 39 703
41 55 864
84 63 184
82 93 530
79 19 736
33 71 240
30 29 675
2 46 964
42 61 647
51 39 525
61 76 457
98 18 0
46 85 979
91 53 695
9 84 46
32 65 268
0 71 782
78 59 320
7 17 601
71 92 788
7 33 194
2 81 800
43 54 927
1 99 472
47 54 689
71 26 456
64 59 757
38 3 945
35 37 634
86 66 923
33 32 253
78 56 405
85 93 832
84 3 746
65 74 117
40 92 296
13 69 460
41 80 342
19 55 452
3 90 469
40 60 77
90 79 51
59 99 630
31 23 894
11 51 966
77 46 594
12 63 465
60 88 672
32 81 697
79 74 295
19 20 632
72 99 801
63 36 819
3 34 140
20 93 704
11 11 70
52 61 79
69 61 565
55 42 441
19 37 352
71 88 934
29 83 445
41 16 335
0 69 86
1 19 687
29 53 543
87 81 176
89 14 512
73 19 987
9 11 762
18 3 888
39 66 450
14 28 124
78 13 807
44 8 619
90 81 567
44 82 14
64 22 172
91 16 274
74 91 704
69 52 590
31 33 749
4 0 618
91 98 589
82 56 202
92 97 96
34 20 281
29 67 339
61 93 673
0 4 2
8 96 209
14 26 94
64 13 60
6 4 761
76 86 9
92 14 952
98 97 388
22 68 785
93 9 682
45 82 314
1 90 93
13 17 57
94 58 871
60 83 882
48 33 2
50 42 816
72 15 584
99 61 581
51 42 171
32 28 812
17 1 449
42 12 486
20 39 965
54 65 627
18 52 821
18 86 415
56 71 160
40 87 70
23 85 145
31 2 503
98 53 918
20 33 57
4 60 86
62 37 941
86 14 714
12 65 711
63 17 237
2 5 292
13 39 822
49 63 62
48 80 306
64 16 630
8 58 329
92 0 238
80 49 258
37 76 541
78 93 161
19 49 167
78 10 574
48 75 911
38 11 797
59 2 115
62 82 932
21 28 777
50 69 21
72 29 937
28 44 92
72 44 103
17 53 53
53 56 907
84 36 288
17 39 499
79 94 959
97 26 386
35 85 143
39 4 916
53 9 449
37 48 120
21 89 483
95 91 104
38 17 734
11 32 566
95 33 840
71 49 412
45 81 97
47 58 527
44 40 408
95 69 451
32 86 671
9 77 779
15 50 524
35 82 397
59 32 331
79 2 360
64 15 709
50 1 513
13 94 351
24 43 286
55 88 396
82 22 502
41 81 249
93 27 209
52 54 438
68 52 365
80 81 332
42 59 940
80 80 644
29 99 371
53 67 56
63 59 564
35 30 713
86 16 725
26 57 333
52 5 90
95 90 965
93 70 404
10 23 803
74 85 364
49 21 953
77 52 204
31 31 69
20 81 942
50 49 723
59 84 831
5 48 758
58 93 116
56 32 196
57 15 502
86 82 11
95 41 883
98 19 591
42 50 946
41 14 732
21 6 256
89 15 596
23 80 783
29 35 573
48 81 40
95 63 902
49 97 842
47 41 177
3 47 994
25 69 97
47 19 204
15 47 985
64 23 721
56 81 176
27 18 71
2 82 704
61 75 638
28 89 725
79 79 336
81 52 818
0 87 469
0 20 809
89 69 333
40 46 838
22 21 558
9 55 615
22 32 192
10 22 449
50 52 999
42 88 652
18 26 100
3 57 261
25 99 543
59 55 961
2 24 375
83 96 305
51 36 70
58 79 883
50 38 729
37 81 762
97 27 650
74 89 843
3 4 924
39 21 754
78 11 916
69 39 161
7 46 203
29 7 600
60 7 453
40 37 61
49 46 23
83 5 776
72 12 82
33 15 544
64 88 279
40 31 179
23 68 919
53 98 624
14 92 743
8 60 577
22 39 507
18 84 139
46 49 116
92 1 677
84 29 551
91 23 6
18 23 639
84 89 154
63 0 781
90 86 678
93 87 384
1 92 541
81 61 454
98 83 125
97 32 980
85 60 634
75 10 963
7 96 656
35 54 81
75 71 66
18 68 896
18 56 568
28 22 81
30 21 29
41 52 29
28 43 576
24 51 533
49 0 164
47 32 575
88 21 150
52 72 883
31 48 466
2 25 574
75 18 501
65 3 403
45 2 828
43 84 439
13 21 170
66 49 942
5 75 134
12 73 453
34 5 724
69 94 487
53 29 784
83 36 771
47 55 857
25 13 574
32 73 543
48 63 981
93 18 54
55 92 546
96 1 760
9 95 967
85 92 287
67 41 734
0 37 826
87 92 693
17 35 672
49 85 519
55 38 491
37 91 653
47 35 626
44 28 285
57 47 118
85 7 41
77 23 305
47 28 695
68 54 642
43 13 584
52 33 165
94 95 363
71 75 726
97 13 39
8 88 583
74 79 206
55 26 379
62 86 188
34 72 686
72 79 81
86 76 331
26 26 923
32 2 98
5 15 924
88 38 648
35 59 420
38 75 297
79 90 846
35 56 575
2 65 755
46 30 184
20 71 453
86 25 398
96 95 961
25 2 451
15 23 259
81 12 995
42 95 972
35 31 239
72 45 450
83 61 359
14 61 346
68 87 671
6 82 552
32 74 802
3 67 483
16 42 702
76 45 734
1 30 456
3 8 39
6 3 301
40 79 981
6 21 772
96 22 572
43 73 885
35 40 569
23 27 243
93 50 452
0 29 182
90 10 690
61 39 380
90 63 495
8 56 352
88 31 272
78 57 974
25 56 61
20 3 529
80 85 526
95 75 186
30 92 870
77 50 112
21 76 914
45 23 530
84 27 532
19 94 873
23 16 636
98 99 698
55 11 632
79 5 346
76 73 53
1 81 989
22 16 572
40 22 588
20 84 697
76 84 571
45 65 313
63 37 934
61 0 623
13 25 833
42 73 482
96 82 958
18 66 408
0 49 40
34 41 792
50 30 536
41 35 238
39 2 547
20 74 654
25 84 500
4 46 679
42 36 11
77 67 767
48 57 315
45 4 129
85 76 253
11 98 631
26 73 690
88 47 847
32 12 373
90 71 631
33 6 201
81 77 404
66 21 732
27 40 252
51 90 174
85 12 295
40 1 127
44 91 593
43 25 581
33 38 24
42 28 322
36 96 372
50 81 682
63 22 322
95 54 517
60 38 822
29 4 217
36 62 336
21 98 293
37 17 735
3 23 509
5 49 716
64 41 949
27 7 297
8 40 896
32 63 390
13 63 630
77 17 650
84 67 546
62 2 57
89 18 556
27 27 223
93 77 541
99 89 588
16 92 747
54 9 527
45 66 952
69 67 478
30 40 234
42 43 229
52 71 514
41 61 427
39 41 389
89 74 202
17 85 145
47 42 158
13 67 929
6 29 666
56 31 459
0 38 111
81 79 931
27 12 438
43 94 667
25 98 815
21 77 642
31 82 153
97 22 488
70 15 248
72 11 918
64 44 510
43 57 834
28 73 314
19 14 831
89 71 521
28 10 758
11 91 123
10 28 411
2 34 292
99 1 788
83 51 823
34 78 914
31 74 101
38 67 614
44 6 48
34 28 724
46 18 269
18 97 875
12 15 518
48 15 629
89 81 396
21 5 748
65 79 130
81 96 494
36 25 419
8 29 359
88 96 22
63 15 424
23 43 170
5 54 146
56 4 817
50 86 844
10 52 114
59 83 217
18 1 538
89 66 478
51 70 165
17 69 899
64 85 91
86 61 411
0 24 892
56 27 817
32 70 616
68 47 584
15 78 688
32 17 40
39 68 358
5 55 397
75 55 85
40 35 905
17 87 409
47 82 361
68 95 523
28 57 390
96 35 216
63 94 558
70 73 15
52 47 703
72 21 27
67 9 560
13 72 474
7 49 206
17 36 232
43 74 986
84 13 583
85 1 327
88 73 826
63 13 473
62 6 162
61 52 60
42 85 826
19 54 213
32 9 422
20 4 375
70 64 250
68 20 588
42 70 767
15 34 144
21 24 391
30 35 721
12 74 609
68 0 466
47 25 478
50 4 796
53 16 320
70 78 576
96 17 219
69 28 11
34 36 242
31 40 21
43 65 925
65 91 778
54 92 25
57 41 964
90 55 349
83 3 694
49 77 716
73 97 301
79 38 144
89 4 952
50 60 352
3 30 993
70 67 458
57 79 127
18 67 891
65 99 71
71 94 525
98 42 966
7 71 17
18 39 95
94 20 898
67 70 623
49 17 18
89 51 830
1 96 551
21 13 72
58 32 659
15 38 387
73 30 778
89 73 285
87 41 403
70 34 441
52 17 988
49 72 661
46 88 152
59 81 765
42 64 584
82 35 401
99 4 66
74 19 10
18 49 637
79 28 514
91 38 176
8 80 339
35 67 370
25 97 706
34 35 58
97 85 248
67 8 114
43 69 453
15 90 879
86 36 948
94 87 959
42 46 273
41 99 935
84 70 6
31 52 555
48 11 947
81 39 779
18 95 718
4 61 788
14 23 356
27 26 946
89 2 289
4 63 360
68 55 27
0 51 247
35 2 840
45 56 913
56 74 83
16 50 633
37 7 830
85 18 90
97 69 152
32 57 370
19 95 321
1 89 970
85 42 886
20 69 596
84 88 986
68 27 399
45 10 411
82 54 696
78 55 111
30 46 374
29 26 685
41 18 737
5 87 200
46 24 362
75 61 646
60 76 216
48 58 889
32 85 171
79 76 815
68 71 305
39 53 399
58 5 57
56 98 386
6 71 533
50 6 310
43 22 264
94 1 260
85 33 328
45 73 874
49 52 389
35 28 554
39 46 37
66 80 283
96 30 458
10 18 843
75 12 465
63 41 638
44 65 101
6 85 198
36 32 877
39 31 649
45 35 736
3 37 421
25 91 479
99 51 431
73 59 948
71 57 89
47 5 875
89 61 36
41 42 638
26 59 727
96 38 125
9 93 339
90 52 807
79 3 875
30 79 834
90 73 645
49 70 893
94 4 764
14 70 352
79 24 989
61 22 904
6 42 336
50 78 882
86 2 457
25 25 290
76 5 832
96 42 232
69 45 987
51 87 117
80 56 799
85 14 358
29 22 673
56 68 195
16 37 583
33 64 898
79 14 912
92 48 1
62 96 356
8 89 724
7 18 952
83 1 389
38 28 772
85 64 273
14 13 947
64 61 674
55 49 94
85 70 808
23 77 672
10 41 545
61 12 506
39 37 584
87 46 759
61 11 569
16 14 41
54 62 905
41 11 428
55 87 178
40 49 423
71 48 522
71 22 857
59 45 982
21 69 662
44 15 514
87 28 255
10 58 624
59 40 587
69 48 18
92 32 829
67 78 777
65 55 454
13 90 98
53 22 780
47 81 184
35 73 406
72 81 291
71 17 497
65 68 666
62 99 803
59 21 941
65 44 332
47 57 754
8 23 175
59 11 585
12 4 40
78 2 34
58 71 143
79 58 473
71 55 132
95 73 394
24 89 494
88 12 870
33 46 809
30 65 407
95 50 626
79 30 481
70 13 747
95 95 455
98 9 931
60 2 6
51 74 941
87 89 12
21 37 552
20 77 94
57 97 16
24 38 807
17 51 396
56 5 475
31 37 300
96 97 431
98 30 993
56 65 553
11 65 995
46 45 81
85 35 771
4 24 666
66 18 657
23 4 49
53 7 40
1 29 250
63 50 391
88 75 234
98 80 934
58 76 261
54 20 370
80 40 210
36 63 765
60 10 996
17 91 926
67 43 145
40 44 118
63 14 15
31 55 905
91 48 10
60 8 50
23 94 247
68 72 813
11 42 762
20 95 56
99 10 802
7 86 173
82 57 721
25 67 513
87 32 333
41 98 540
1 51 111
22 97 838
92 19 588
26 7 169
60 27 312
11 76 829
7 36 805
58 89 919
78 87 482
68 96 479
23 76 198
67 19 108
39 17 382
63 23 773
8 71 395
17 5 151
55 62 868
66 87 731
34 60 412
77 33 183
3 17 788
40 93 972
67 6 854
13 15 906
70 42 650
56 94 8
55 7 464
47 73 363
97 70 768
90 59 444
78 12 728
88 93 575
72 52 682
85 46 232
8 79 327
4 15 641
78 35 854
66 79 534
94 88 466
44 25 243
17 97 482
84 20 176
85 86 98
31 0 791
61 78 555
20 35 811
18 78 845
73 85 671
18 72 898
62 40 899
17 64 782
96 33 441
72 95 232
3 18 806
35 80 578
4 56 151
71 82 789
9 76 957
9 30 636
30 7 926
39 7 373
65 94 23
63 51 627
28 87 757
89 63 428
16 58 889
96 0 538
71 73 639
48 67 651
8 83 570
6 62 696
20 6 316
58 16 67
0 80 83
77 89 592
79 91 924
53 66 536
6 0 735
68 41 115
38 53 85
92 41 226
25 71 598
88 59 156
65 65 151
93 85 640
55 2 968
65 49 916
39 23 293
86 9 292
39 19 383
37 96 175
1 72 350
24 26 510
82 9 421
91 99 910
20 32 861
22 66 4
62 33 752
95 29 398
4 14 469
94 77 87
87 16 819
63 89 24
6 78 136
56 46 859
46 92 334
55 40 529
3 92 50
76 65 471
83 62 24
8 37 501
79 44 881
78 62 403
55 76 276
19 85 783
56 17 680
87 77 178
22 17 801
95 9 428
56 3 427
85 20 64
47 15 310
47 94 920
3 36 932
54 95 101
25 7 733
54 37 592
9 29 551
7 56 321
46 87 846
75 81 226
6 33 635
96 25 650
42 40 855
33 14 345
4 2 129
71 69 276
61 71 914
6 73 973
30 83 146
73 60 215
66 34 392
71 24 970
49 1 131
82 2 239
28 6 532
5 62 359
8 82 204
56 2 192
22 45 42
82 20 273
15 12 1
15 52 495
39 67 841
6 86 160
13 98 631
19 56 632
42 80 750
55 35 290
86 81 379
18 93 85
66 11 275
94 32 95
18 99 215
51 47 4
1 97 647
92 99 316
63 70 71
64 5 220
53 33 511
16 96 203
52 64 994
76 92 729
27 4 709
65 73 250
12 70 564
47 13 565
65 92 671
75 7 795
58 62 403
62 22 664
98 37 427
94 50 980
25 29 120
89 19 539
96 41 625
12 9 631
6 75 984
27 76 305
33 48 193
76 29 147
24 36 946
65 28 23
93 90 151
13 26 292
76 52 187
46 2 221
52 59 859
27 53 33
81 42 856
34 52 157
42 97 733
91 97 948
95 61 812
73 14 915
99 13 8
14 85 206
83 12 491
82 58 237
52 75 381
17 38 755
77 16 390
80 74 988
14 3 316
7 37 372
42 27 702
56 85 867
7 7 622
19 52 588
23 55 957
40 6 959
90 67 942
11 23 444
46 66 43
95 86 351
35 55 897
16 72 786
83 20 871
82 60 245
6 61 315
7 80 351
74 13 735
81 19 37
52 13 659
4 68 383
48 35 320
1 9 782
0 43 785
46 65 998
95 85 112
5 31 134
23 51 894
11 46 49
34 10 316
11 45 195
26 66 997
77 96 106
37 39 94
5 96 246
34 2 336
80 86 663
3 19 792
8 8 537
65 59 805
29 42 525
25 86 279
93 53 613
80 24 786
83 13 296
76 27 481
85 24 429
33 34 70
44 96 726
38 91 73
14 9 606
83 44 451
87 42 205
34 92 276
19 97 746
43 11 696
40 72 921
91 77 980
99 54 394
16 14 682
36 52 234
96 3 69
2 52 956
50 82 989
71 39 973
98 36 221
92 36 398
15 76 583
11 38 9
19 34 697
98 16 929
30 6 54
82 43 565
49 96 917
42 84 73
52 30 99
21 41 687
54 70 275
33 62 531
57 44 806
26 12 215
84 0 128
4 97 631
75 98 811
68 94 253
74 46 642
3 99 400
64 62 92
86 87 568
68 83 302
21 51 480
45 97 601
66 43 89
32 91 737
57 98 585
54 90 205
2 55 526
63 29 133
7 50 370
93 63 723
51 8 458
7 84 150
31 89 662
50 7 120
29 65 108
53 52 805
34 17 323
52 16 426
67 20 879
49 75 12
90 21 720
60 74 897
56 86 706
40 52 506
63 75 136
76 24 292
70 62 352
23 82 114
22 78 206
24 92 487
14 96 363
5 67 334
26 40 809
61 90 282
99 12 67
74 93 985
37 74 337
34 25 717
94 96 221
49 42 997
16 56 466
83 60 195
38 6 361
6 95 833
82 51 136
47 92 597
44 92 996
22 36 911
61 45 443
18 10 439
22 63 167
63 72 421
39 34 269
83 56 416
80 68 686
51 93 938
40 64 705
74 58 453
10 40 542
31 61 890
23 38 269
37 92 319
4 86 96
59 63 757
42 99 123
92 11 902
64 82 379
53 48 372
48 40 340
10 37 829
15 62 809
27 99 334
82 62 478
47 65 216
70 77 679
49 64 466
79 51 695
99 0 771
9 31 434
91 20 860
52 94 769
67 2 588
39 22 832
26 41 965
47 40 160
90 62 363
20 67 940
9 0 501
49 51 410
30 14 936
1 71 78
86 95 444
46 19 870
81 8 725
46 16 626
42 60 834
33 52 655
73 39 181
85 4 375
34 56 35
89 47 826
91 93 469
45 59 642
11 72 318
10 71 294
48 59 82
40 14 428
39 18 735
35 11 787
76 13 626
21 36 697
45 20 91
38 50 965
19 73 167
77 13 905
34 44 148
77 35 715
37 60 129
13 7 620
21 71 933
81 78 115
46 75 155
49 13 665
37 73 680
80 55 928
18 18 769
7 82 407
9 71 253
68 34 197
14 31 919
46 39 463
12 14 541
9 41 507
75 1 796
75 64 673
1 0 711
71 98 754
26 68 865
68 40 535
9 58 66
52 26 268
72 67 308
20 64 886
47 48 933
23 62 184
3 43 946
83 54 331
16 35 138
66 13 429
1 60 340
7 21 709
12 17 785
57 71 708
68 46 607
54 83 222
36 66 540
36 74 2
38 24 442
66 76 192
68 51 983
82 79 30
94 98 996
58 98 429
16 43 730
78 77 199
55 5 364
74 49 918
46 31 161
5 37 26
29 85 716
69 70 912
91 7 386
16 46 938
37 94 888
90 12 708
46 51 600
44 45 600
89 13 843
32 44 37
68 11 680
80 22 205
52 41 778
94 35 23
53 18 266
39 45 333
42 62 100
82 48 886
94 36 938
78 34 62
20 49 898
80 87 636
9 90 414
47 96 456
73 79 763
66 91 38
41 62 178
51 66 359
44 24 651
58 69 225
42 76 130
92 28 998
77 34 565
89 85 152
16 18 360
67 62 934
13 34 133
26 5 465
6 46 894
76 19 414
87 4 251
33 24 400
49 61 949
67 76 357
84 24 388
41 66 211
1 16 167
22 50 158
30 54 218
23 99 8
96 92 57
23 56 715
67 96 983
53 83 924
1 50 61
76 35 340
79 63 958
70 68 813
44 5 198
72 74 849
16 45 370
51 17 808
36 67 44
81 92 886
98 58 186
66 75 599
48 41 155
0 25 334
67 5 740
5 25 757
6 26 503
31 8 851
79 11 945
50 96 780
52 96 626
97 9 532
79 66 810
33 97 753
91 86 704
38 26 911
62 18 625
62 71 621
85 75 282
6 19 977
41 27 10
29 33 607
67 81 785
48 1 803
84 43 91
34 13 951
20 15 605
2 75 942
65 86 88
25 58 182
89 49 607
55 84 626
60 12 132
65 35 276
16 82 675
59 94 323
19 27 797
12 48 553
6 81 465
58 35 926
27 94 175
79 4 216
68 1 662
92 84 858
47 17 611
94 81 496
12 67 909
60 73 809
76 38 760
15 67 741
42 9 268
51 3 735
93 48 147
67 48 302
41 63 804
43 52 452
1 2 219
18 38 335
26 22 952
24 20 319
78 83 375
27 36 225
12 39 177
34 98 251
39 69 499
50 71 424
84 97 560
44 29 262
49 25 624
44 72 653
51 25 710
72 55 910
26 50 803
8 39 733
54 23 209
59 10 799
19 67 289
64 84 585
64 69 935
23 90 90
87 79 913
90 77 367
79 32 639
34 29 823
31 50 793
5 56 992
75 5 989
50 41 222
12 95 477
73 80 363
86 69 525
38 64 762
98 4 653
19 91 881
98 98 4
79 41 975
88 36 463
77 74 266
43 45 187
76 37 917
97 40 932
76 62 688
1 82 517
61 98 333
84 23 470
20 42 802
1 61 459
95 59 763
82 89 802
23 35 763
30 80 821
39 15 555
47 39 378
91 85 643
3 20 59
84 90 176
55 36 278
57 6 190
2 76 28
56 77 539
46 89 11
17 20 347
19 17 350
1 69 769
95 17 348
39 63 928
22 79 383
13 30 112
93 15 975
61 25 939
86 8 435
26 69 698
55 50 899
63 54 355
63 19 519
50 57 282
13 33 896
64 90 112
30 17 37
15 57 30
54 19 967
67 98 375
79 83 960
53 99 957
83 40 300
49 98 770
58 7 625
84 73 675
21 2 320
48 20 312
74 35 34
53 34 850
36 49 579
56 36 584
50 80 491
88 45 170
60 63 506
68 15 275
9 92 803
36 94 460
55 96 604
52 3 98
40 83 921
18 41 651
43 48 859
36 7 485
62 53 771
66 83 868
0 47 577
12 99 566
60 13 606
19 82 520
34 89 832
67 14 829
90 33 630
80 26 143
65 77 830
58 96 556
17 61 472
35 38 534
9 54 872
81 95 301
54 13 934
38 74 163
56 91 950
31 43 354
30 20 674
91 15 975
41 82 407
1 41 597
31 38 335
81 37 845
11 70 390
88 53 312
94 49 531
0 65 234
69 97 309
4 30 207
38 16 377
5 65 925
75 48 552
0 92 517
80 46 566
27 3 561
18 57 373
72 56 364
64 9 465
36 60 216
0 34 738
40 4 864
24 3 936
60 77 914
59 33 46
42 94 237
23 89 313
73 28 974
20 96 972
74 57 848
80 20 205
27 1 599
10 80 725
80 45 467
11 30 403
51 19 882
7 89 221
38 35 901
40 34 356
37 34 774
1 87 209
91 82 481
10 11 98
0 98 380
38 86 479
24 86 300
74 25 54
84 38 425
26 98 493
46 40 356
12 32 681
14 15 2
72 43 262
44 3 935
14 68 394
99 47 383
64 52 346
90 70 266
12 64 105
97 86 803
18 70 37
12 52 243
84 33 52
63 25 98
67 27 58
19 69 992
54 36 88
18 37 674
97 77 65
34 95 864
97 10 217
81 35 543
28 41 678
93 30 634
18 69 44
53 95 113
31 65 252
75 58 932
93 3 172
13 46 185
30 94 258
61 30 942
31 90 452
1 75 188
6 87 795
13 93 529
96 59 421
48 7 382
78 91 507
28 74 593
98 1 600
11 20 194
12 37 81
67 53 698
24 72 989
51 40 167
64 71 704
84 79 410
11 18 52
27 32 423
8 14 130
99 63 418
53 40 748
34 79 685
32 64 766
