100 2475
89 9 800
19 56 730
64 84 399
11 2 584
22 47 628
77 88 433
34 5 429
7 22 862
8 26 259
48 10 854
58 29 310
65 41 484
8 93 116
73 9 699
92 48 154
56 74 193
39 34 183
39 64 963
22 49 159
57 86 938
24 19 587
89 88 856
74 16 937
17 84 425
39 32 791
10 24 979
10 84 82
31 51 116
57 82 973
89 89 770
15 30 106
5 36 97
1 52 363
13 69 56
46 38 506
21 29 936
60 64 122
35 91 649
29 82 397
14 13 113
45 9 396
90 5 605
69 99 16
44 44 992
3 63 474
95 26 607
23 46 851
3 23 141
62 54 27
37 70 333
0 79 528
58 40 48
11 87 52
51 53 338
16 32 979
88 27 580
71 85 915
65 28 314
26 55 42
83 82 163
71 78 173
44 74 341
45 63 854
85 23 850
22 19 923
73 0 831
90 82 634
71 44 141
59 24 263
28 32 319
79 3 467
91 7 462
68 84 517
76 73 334
95 38 384
26 51 778
74 22 56
78 26 522
78 15 476
58 85 125
38 62 17
6 64 243
23 50 577
0 10 502
60 85 671
37 8 341
72 40 822
61 78 469
63 0 955
21 17 559
93 57 196
69 20 651
29 59 634
49 47 451
68 43 605
65 65 955
8 40 369
8 99 862
79 63 318
91 18 471
36 99 451
96 65 682
99 25 582
54 13 717
50 66 734
15 62 185
52 90 654
63 45 348
33 20 814
22 52 965
50 46 147
53 23 664
43 61 145
5 14 829
27 9 817
83 36 230
71 76 69
66 73 626
66 21 651
44 93 516
57 54 670
57 85 267
99 34 984
99 84 823
42 4 684
3 21 684
34 34 263
93 14 859
58 35 260
70 41 846
37 0 509
15 35 742
39 74 605
44 9 714
89 27 630
12 94 614
39 95 990
59 8 119
29 38 626
47 63 980
87 58 917
65 11 191
82 66 89
16 92 440
69 52 698
83 81 348
89 85 250
47 17 702
4 94 389
95 31 152
42 21 752
78 99 72
43 19 653
2 27 109
28 74 566
15 63 534
16 55 562
43 56 969
50 68 676
37 56 11
85 30 381
30 94 62
25 49 257
25 7 546
75 0 558
44 32 360
38 26 138
95 33 584
30 4 525
11 7 287
13 29 124
46 89 35
41 23 213
36 3 192
38 50 239
27 3 131
16 2 797
0 54 639
21 59 667
41 21 167
14 58 688
76 36 383
69 53 894
17 64 883
87 95 863
35 34 645
9 81 894
7 18 879
17 46 261
33 57 129
69 48 331
62 28 251
81 58 955
41 37 446
38 86 633
0 32 322
50 10 357
31 93 603
20 5 508
57 21 757
97 69 716
23 70 122
65 74 228
64 32 184
92 60 301
38 10 697
35 84 867
62 15 506
63 67 929
99 76 198
33 42 884
15 94 952
87 11 6
63 89 752
26 40 414
14 90 923
65 72 789
13 81 787
65 92 176
34 83 571
42 19 453
72 81 796
37 4 822
18 85 347
46 56 735
71 94 518
40 10 661
67 23 55
26 45 267
74 42 859
66 0 315
44 47 651
54 73 3
97 98 15
12 79 42
85 7 109
98 35 462
32 34 168
8 89 191
85 79 333
35 12 647
73 96 106
79 53 741
2 31 467
1 36 598
7 91 962
21 70 822
78 23 561
3 58 591
48 38 800
97 94 948
64 49 330
79 12 25
25 39 803
17 12 453
14 14 763
28 6 73
34 24 455
3 34 229
60 11 273
64 8 535
76 23 585
85 27 775
26 37 251
66 72 425
83 94 406
22 16 463
62 8 105
79 41 191
85 84 112
49 27 65
17 85 3
0 78 335
29 72 330
46 23 566
2 30 358
29 3 169
26 88 453
43 60 576
4 27 861
0 56 420
63 9 836
3 39 467
73 76 956
80 2 849
19 17 484
58 63 630
18 71 122
50 35 152
33 35 248
64 33 945
82 42 816
84 72 858
2 97 972
47 99 513
29 65 700
37 75 319
13 95 855
27 77 409
57 14 707
21 28 201
55 89 462
35 59 451
68 29 142
74 61 743
92 84 190
23 1 783
28 91 891
38 21 638
37 18 402
3 31 699
83 17 814
3 6 332
30 24 165
21 32 243
9 22 793
24 95 246
83 56 450
62 67 170
55 64 746
49 88 989
14 51 313
98 73 209
49 82 299
1 18 612
51 64 180
39 90 791
39 54 72
55 99 925
68 88 347
36 81 521
8 79 68
98 30 187
7 47 196
93 32 788
43 29 532
13 15 690
33 38 895
36 37 768
26 52 104
94 87 910
19 37 488
97 0 926
61 22 806
1 85 449
7 75 413
91 96 885
28 81 728
20 88 984
80 54 506
56 80 297
3 62 649
73 78 967
74 89 883
86 67 677
13 63 724
29 36 924
56 39 874
1 62 514
31 94 365
79 25 242
11 79 681
88 29 536
57 32 116
15 36 990
0 9 489
7 89 83
3 70 350
88 10 822
77 50 3
83 86 457
58 6 349
87 81 800
89 21 127
9 86 867
41 81 987
98 19 720
31 77 323
55 4 722
62 17 499
36 60 46
35 79 966
77 1 643
4 58 472
14 25 999
28 5 77
38 30 29
38 76 25
2 24 603
13 47 988
58 7 994
0 81 44
86 53 174
23 59 545
95 34 676
54 50 322
40 32 506
58 16 21
46 87 290
63 64 772
48 36 852
23 30 429
32 14 811
87 75 524
3 33 109
58 59 703
76 63 769
50 62 598
74 53 932
89 92 528
27 96 872
15 75 848
36 1 633
39 62 645
91 61 713
52 51 319
76 24 133
0 66 135
9 83 506
56 90 827
57 48 440
17 40 893
25 96 952
72 77 965
97 67 154
64 11 212
38 96 191
25 20 472
33 58 238
75 13 513
65 79 768
30 42 597
86 86 395
28 26 738
82 12 44
16 80 835
56 46 620
7 88 873
54 91 56
74 46 111
84 73 466
51 23 242
23 72 713
31 63 600
80 56 929
85 11 863
77 42 417
33 56 757
74 98 248
40 55 418
84 83 834
80 71 690
54 83 444
65 8 762
35 74 978
26 27 680
38 18 750
77 95 377
68 27 584
68 25 660
18 60 746
40 11 348
72 32 981
6 10 323
3 15 828
60 2 84
9 38 397
63 10 804
54 94 798
11 78 28
85 59 24
88 99 389
70 45 541
33 75 572
61 38 644
62 0 354
20 52 28
29 24 373
7 58 309
26 84 979
70 49 520
70 5 405
57 34 767
24 27 790
49 89 302
16 5 437
6 11 74
34 69 900
21 10 825
91 37 320
73 61 686
90 84 295
10 72 736
12 49 951
63 33 569
10 12 140
86 65 662
34 14 738
85 28 439
79 28 261
3 73 91
83 99 297
99 39 145
56 83 298
42 1 435
72 82 971
99 16 624
37 79 560
71 95 781
26 67 502
34 79 115
98 39 874
98 51 262
98 10 928
19 0 847
45 43 614
61 62 455
63 46 101
44 95 182
56 10 803
32 91 612
77 45 674
9 85 819
35 83 329
90 97 893
9 35 480
55 15 580
57 11 401
26 98 474
19 30 628
59 21 152
92 42 47
33 4 626
31 67 310
11 27 995
70 27 788
61 18 564
16 36 553
61 84 871
86 17 672
10 78 714
65 9 10
65 6 437
7 64 256
79 43 82
85 88 940
34 36 876
76 30 427
36 87 486
97 4 834
40 46 816
76 14 955
37 31 638
96 26 725
5 26 790
27 25 258
66 4 124
87 46 601
79 21 934
17 55 386
30 96 672
94 52 499
10 31 154
70 24 849
38 47 284
62 56 438
57 88 94
11 24 812
31 52 106
96 64 245
41 16 320
86 85 763
41 34 340
97 65 162
64 66 49
68 57 405
36 54 955
3 2 279
3 64 444
87 37 805
12 65 36
11 47 757
43 26 430
38 28 389
77 31 800
52 97 580
89 53 503
90 10 657
38 55 779
99 86 945
24 7 727
17 15 71
47 62 31
60 45 982
58 72 780
21 62 901
40 49 856
17 66 14
58 49 834
81 21 714
99 62 906
92 59 863
5 21 771
50 60 145
64 20 386
11 96 725
43 96 833
89 47 995
47 95 154
39 42 372
96 70 401
60 73 868
94 51 121
61 91 493
48 85 890
43 5 529
77 32 593
68 82 532
95 83 582
96 51 880
38 25 194
29 84 881
64 50 160
77 49 359
73 86 391
28 50 829
91 40 621
61 12 745
88 67 655
35 60 184
57 30 784
77 4 766
63 83 342
38 3 112
56 3 744
0 50 210
6 76 261
22 15 971
71 8 380
66 77 624
26 69 87
65 44 528
20 66 618
77 64 352
46 69 508
34 67 98
75 63 699
13 31 263
66 97 810
12 0 159
93 82 211
17 2 357
22 40 154
96 21 48
61 75 911
37 11 548
48 11 657
95 75 913
2 54 831
82 39 238
25 13 904
53 95 987
83 80 614
51 85 472
25 67 390
8 6 279
63 61 15
34 55 662
89 63 356
83 59 373
68 36 850
87 92 590
3 82 456
35 25 181
16 8 758
36 2 697
23 31 414
18 64 205
29 61 233
29 0 406
91 47 843
41 22 228
54 26 294
73 79 65
77 23 123
49 52 822
63 69 461
65 70 932
56 29 101
37 68 225
83 40 585
80 85 244
93 63 44
10 20 39
46 32 941
80 14 191
70 39 626
98 74 540
0 64 688
87 33 516
63 75 280
10 29 674
40 33 115
96 19 115
52 12 336
50 7 882
66 41 743
68 66 494
83 76 38
66 74 877
33 81 44
96 43 935
38 88 683
23 25 92
91 78 831
52 8 524
84 54 84
71 42 548
32 63 771
18 97 664
60 13 826
17 74 109
64 67 315
59 82 475
90 49 499
75 55 925
52 6 254
62 46 516
90 42 921
85 75 424
82 32 587
3 0 565
41 27 88
50 29 122
17 83 919
30 32 120
89 1 325
65 16 767
49 26 284
16 72 808
36 66 261
66 68 682
31 11 92
44 53 522
45 23 155
73 44 685
46 61 542
87 99 333
19 12 702
75 46 841
94 16 135
74 71 128
33 93 1
7 35 262
15 21 709
0 19 186
13 3 908
16 61 195
21 21 447
91 11 199
60 83 51
60 55 346
18 51 864
65 97 681
63 91 285
84 65 165
42 9 414
47 14 148
80 75 696
42 45 861
54 48 813
30 23 319
95 59 178
33 86 693
55 26 441
59 23 231
86 15 146
28 0 137
69 34 939
80 82 870
54 23 320
77 17 285
53 19 795
74 73 867
95 94 162
69 2 571
39 70 783
85 42 947
18 27 824
32 7 908
91 62 290
45 83 920
66 83 553
33 21 74
94 42 392
35 24 280
28 42 127
23 51 292
84 91 160
64 36 977
31 89 248
65 95 843
68 35 626
97 83 251
28 18 870
52 29 717
22 82 99
83 44 126
22 70 913
67 2 392
80 20 791
44 7 589
52 65 803
20 58 968
67 95 630
78 98 354
10 87 140
8 13 436
9 37 273
11 54 868
57 9 318
60 89 389
92 91 262
34 56 286
66 49 99
57 97 496
97 35 601
44 23 322
2 75 549
16 69 958
93 29 589
22 58 541
64 45 614
35 0 210
15 3 203
49 12 835
71 17 865
39 25 298
3 48 714
86 91 126
84 75 7
23 37 512
33 69 656
0 49 491
43 69 694
48 95 483
18 94 391
75 86 990
54 80 903
47 71 449
35 94 707
43 70 606
78 81 375
27 84 400
36 7 410
17 51 371
37 61 192
74 55 621
83 31 180
64 94 846
7 38 936
70 26 588
11 18 309
19 8 473
9 32 793
96 4 576
91 22 353
90 19 689
47 94 138
73 71 717
55 90 807
91 2 153
54 70 117
76 3 683
87 26 887
74 11 352
45 48 754
42 67 621
38 67 240
71 81 869
78 84 716
56 35 555
63 40 405
55 18 897
52 24 498
34 46 276
89 87 496
49 83 101
31 41 633
72 63 576
45 56 842
11 53 669
96 94 423
98 75 413
30 54 33
77 63 565
7 33 850
79 22 447
29 31 138
64 51 899
13 86 649
70 33 292
84 35 304
13 2 981
90 16 227
89 26 977
35 72 557
0 46 332
11 3 959
74 84 983
77 66 512
36 89 248
47 66 443
91 67 49
13 28 943
65 77 20
84 3 336
76 82 250
73 7 151
8 52 405
12 39 125
55 9 74
14 64 89
38 75 455
85 67 59
39 76 97
29 94 415
74 56 305
45 53 680
61 93 679
28 4 647
23 80 402
21 3 807
75 39 778
92 51 78
26 10 619
93 25 920
38 61 48
42 70 65
85 98 294
17 57 964
55 16 599
77 65 183
61 50 78
73 74 779
21 35 348
0 51 154
92 28 569
38 65 521
50 57 129
59 81 647
61 25 371
19 90 901
73 70 250
54 33 915
71 10 876
46 19 411
70 55 808
40 2 520
48 20 572
57 78 548
37 57 14
60 98 992
28 21 446
47 97 700
0 28 428
59 4 570
61 97 235
11 57 381
53 84 210
9 89 298
12 27 487
70 25 177
90 89 543
29 53 333
93 62 473
76 21 21
66 67 755
48 65 428
0 4 910
74 18 436
47 47 153
76 5 432
0 2 15
74 9 792
97 50 824
70 65 103
83 32 684
18 79 960
63 77 219
79 55 749
26 42 248
85 74 14
84 90 550
66 16 310
9 94 591
99 19 704
56 61 540
19 60 930
2 34 692
4 85 89
75 81 359
76 18 938
71 16 935
4 5 688
86 73 319
78 77 986
6 88 239
88 76 528
57 16 926
49 93 415
92 4 492
44 80 609
64 7 602
99 15 826
41 41 512
7 49 231
9 41 636
65 69 996
14 10 175
99 10 169
57 27 505
55 71 212
91 8 299
18 83 5
25 14 734
89 8 759
43 89 636
77 54 337
84 39 841
98 43 184
97 12 15
8 44 661
63 3 277
13 49 920
57 33 206
81 69 334
48 69 469
22 63 574
63 49 345
21 34 493
10 17 869
0 67 785
14 55 307
63 93 89
93 75 957
96 90 325
92 87 735
95 8 482
42 15 647
83 96 892
17 8 188
47 39 951
25 27 810
91 1 127
53 69 230
56 82 746
37 13 671
77 51 525
43 98 766
76 46 106
95 87 331
72 57 762
46 0 925
70 61 240
23 63 334
66 89 971
74 33 412
58 93 870
80 77 43
80 64 633
16 26 991
94 2 244
95 91 481
64 43 700
49 40 427
8 71 836
89 57 969
19 64 529
81 57 484
58 13 640
79 89 168
0 7 182
46 98 412
19 79 202
66 56 783
31 59 885
11 6 865
43 3 596
8 24 48
47 49 815
31 25 405
21 81 961
94 68 747
31 49 738
41 49 300
51 17 643
79 18 321
14 45 845
2 76 281
55 38 30
53 55 521
53 73 875
45 18 233
76 49 636
90 78 777
45 65 182
57 42 699
51 43 561
45 31 358
73 26 214
64 90 255
95 13 866
48 91 167
1 82 210
35 82 311
63 60 729
21 1 807
39 72 285
21 42 563
35 21 980
77 56 441
50 72 860
69 0 593
64 79 606
89 42 560
29 25 591
35 19 948
91 80 909
36 23 615
74 54 781
89 15 780
83 89 534
99 47 189
3 85 652
82 21 126
79 61 893
91 89 125
79 56 673
70 50 517
92 17 657
16 13 117
17 35 333
54 30 936
84 92 455
67 12 429
69 30 648
54 8 125
22 79 861
21 74 770
0 42 465
63 28 6
99 9 385
65 53 11
78 0 150
27 89 146
53 81 659
51 92 514
65 80 441
98 7 143
70 3 519
14 88 175
33 54 347
63 30 190
20 61 247
56 52 305
5 15 725
23 23 583
27 87 304
11 10 14
75 95 476
96 15 887
59 99 500
23 36 205
95 99 940
17 11 647
11 58 232
26 97 393
93 7 424
85 53 941
38 90 605
35 98 529
85 66 40
41 7 408
48 80 668
43 12 572
24 79 964
83 46 656
95 40 949
53 78 554
28 40 815
95 12 316
16 60 481
52 17 385
79 2 831
24 14 407
32 46 321
21 68 325
23 6 492
48 7 517
51 0 525
77 27 819
13 48 615
48 83 290
39 91 913
53 0 86
72 73 268
14 39 131
13 42 156
5 99 619
96 13 722
47 26 393
41 46 418
95 70 210
51 36 730
83 5 842
38 54 749
96 30 62
83 12 374
88 66 562
28 63 63
94 12 895
93 8 115
83 35 58
36 83 402
98 93 981
72 26 81
45 99 799
20 2 587
61 73 511
74 14 763
97 61 462
1 84 507
34 13 500
3 20 138
12 82 821
18 24 936
27 29 193
31 66 654
30 9 597
66 50 252
65 61 252
6 4 286
99 7 423
96 42 276
0 70 912
41 8 895
42 29 76
5 54 915
91 76 233
87 61 940
97 73 81
82 83 262
14 49 489
52 34 684
72 5 426
79 94 955
58 98 284
9 99 738
40 42 582
8 28 558
74 97 97
29 88 984
2 87 186
31 24 803
42 57 906
31 7 653
53 39 354
6 95 58
61 40 997
12 91 144
71 43 181
26 20 375
45 2 555
87 6 117
11 66 752
91 16 762
47 89 0
19 6 71
60 28 574
61 9 982
13 45 260
4 28 246
80 22 509
18 8 261
79 44 257
53 28 970
68 40 636
41 86 947
77 30 37
53 26 624
30 8 283
84 50 265
88 18 282
76 72 245
19 40 83
14 6 333
72 75 4
52 14 488
40 82 839
12 37 751
74 26 170
4 73 660
71 32 179
60 54 214
7 51 216
72 18 469
90 96 412
45 19 284
31 30 44
33 53 434
38 63 495
65 18 671
61 56 135
43 55 436
8 68 918
88 5 522
55 50 390
65 45 366
61 39 63
62 33 483
58 8 800
9 11 196
80 44 975
96 55 885
0 25 771
28 57 40
25 9 775
26 78 80
85 17 114
55 61 67
47 64 238
4 14 934
82 38 657
86 6 993
48 98 350
49 31 825
20 30 972
0 15 391
20 99 282
4 54 395
81 44 883
20 93 32
33 51 856
54 84 998
16 74 42
11 19 142
93 56 227
44 81 421
42 14 584
75 15 598
37 66 317
94 79 266
47 96 22
11 93 631
56 1 506
55 57 113
6 89 306
44 82 275
22 80 48
63 50 324
84 82 676
66 90 766
59 63 124
9 6 976
67 48 601
18 33 878
52 5 80
49 6 791
10 63 445
75 57 956
89 6 252
74 66 863
92 31 94
71 47 858
59 44 210
40 23 43
42 78 678
85 3 20
91 93 598
93 88 87
5 66 968
88 79 107
71 68 396
33 62 833
40 18 38
5 7 359
36 51 340
66 82 94
65 31 298
8 5 493
72 39 76
92 68 250
26 54 19
84 24 521
1 97 84
89 30 996
42 39 186
53 90 157
18 55 751
96 79 369
13 13 150
42 34 490
61 99 520
60 50 439
57 28 755
27 51 774
21 31 427
51 49 788
86 93 466
80 6 518
30 83 805
76 60 96
40 62 244
30 75 437
95 69 997
86 49 552
18 2 0
35 28 374
38 2 181
29 7 884
69 15 960
57 57 878
57 39 267
62 3 338
15 50 54
38 20 524
72 45 13
94 7 259
22 83 564
94 91 613
74 83 372
38 93 38
17 98 716
80 17 115
8 11 831
26 89 324
67 58 148
50 63 53
16 81 379
91 50 748
9 75 110
48 23 109
10 54 401
25 92 703
10 19 783
51 33 541
96 28 208
6 79 622
9 46 717
79 37 922
52 99 580
4 82 826
44 45 710
77 83 22
19 23 959
33 6 899
34 76 350
2 22 528
43 88 886
73 43 317
85 50 624
29 83 366
4 81 415
31 60 487
56 58 593
5 76 741
42 98 545
28 43 397
47 70 361
90 55 72
31 21 868
39 93 33
54 98 971
9 59 519
44 46 250
4 17 453
11 23 222
47 18 313
24 25 117
57 80 611
88 31 348
91 41 45
45 36 635
82 50 176
80 73 467
47 42 156
57 93 879
77 85 614
55 98 58
11 46 3
60 3 457
34 70 865
7 67 757
34 73 16
16 71 744
78 37 628
85 77 884
70 92 234
48 59 494
21 49 827
21 39 913
15 87 453
41 65 84
25 22 123
14 28 296
88 12 269
78 80 760
1 73 497
69 97 475
73 38 219
82 8 668
15 54 385
84 36 941
90 61 501
89 5 984
13 30 408
65 37 887
24 28 690
26 91 450
42 10 458
27 12 450
77 24 983
78 4 788
80 36 351
1 25 860
74 76 499
78 53 686
28 89 276
2 59 581
30 12 321
52 92 125
87 47 926
44 70 596
11 94 854
16 47 684
19 94 28
0 83 381
12 53 904
5 25 650
0 21 44
77 98 653
32 31 433
98 82 268
67 34 405
36 30 897
69 9 148
63 90 348
43 22 439
24 64 667
62 25 136
72 91 793
88 14 776
50 92 686
77 86 522
57 5 256
45 77 441
7 62 796
96 73 159
46 14 498
41 89 79
55 23 261
77 67 449
87 12 664
68 18 221
37 60 938
56 20 409
79 97 484
70 10 121
33 91 482
45 58 454
22 26 953
80 33 214
94 57 140
19 5 5
56 59 22
11 88 738
69 91 735
19 25 561
21 6 454
45 91 712
8 63 166
24 45 948
34 94 188
54 2 976
7 4 47
94 44 934
65 54 548
55 47 708
0 59 933
69 64 516
32 15 597
21 37 750
14 29 851
40 38 92
62 95 645
37 1 993
19 78 203
78 43 128
14 32 996
41 80 380
57 15 136
20 38 745
67 96 245
50 37 574
10 14 521
11 97 390
1 24 194
89 2 510
22 89 327
4 47 876
26 22 648
23 13 809
38 1 784
66 86 687
72 86 610
25 91 833
95 18 628
80 52 553
78 22 130
63 12 251
89 60 607
16 4 962
76 81 92
16 82 833
88 7 703
50 67 745
23 32 149
57 73 433
79 78 160
55 77 658
61 20 124
70 28 845
23 99 534
40 86 928
86 84 646
78 96 676
81 30 419
74 44 683
95 44 976
58 67 449
52 41 665
25 6 485
10 64 512
5 52 298
66 26 658
65 62 857
2 93 197
61 88 651
94 4 949
56 89 509
12 89 544
53 21 75
77 15 963
77 29 298
6 87 258
85 49 471
44 41 218
75 45 464
60 53 567
58 95 485
32 45 81
57 67 54
48 47 771
75 27 156
72 20 525
13 39 338
33 24 124
28 88 57
64 0 194
60 57 622
99 3 488
50 75 884
63 18 398
17 42 268
85 20 247
82 67 964
43 25 427
44 31 299
4 55 547
70 9 639
99 57 651
12 83 185
23 22 647
37 12 943
37 92 808
48 1 730
7 41 830
69 54 409
23 17 987
87 83 25
4 60 605
62 22 543
63 47 436
3 55 782
31 85 698
86 7 16
87 78 236
79 98 641
2 37 887
92 43 165
79 14 407
71 60 118
93 99 545
40 31 439
6 97 989
88 6 201
0 48 61
44 52 807
18 21 699
20 75 331
6 19 885
67 16 533
54 10 421
11 85 989
75 73 71
86 19 61
72 2 990
10 35 339
89 49 935
84 23 454
24 67 882
95 84 764
54 86 277
19 82 445
56 96 971
2 4 177
54 40 897
41 56 497
9 29 987
87 82 524
92 11 526
21 5 199
13 55 657
69 31 723
50 99 356
22 97 337
18 54 559
78 89 980
9 95 242
1 40 42
74 31 586
91 53 610
36 47 667
86 89 204
88 60 139
50 33 121
40 59 760
69 86 317
19 50 326
30 30 614
53 16 166
58 74 15
53 82 736
74 82 41
92 10 145
39 28 247
90 79 933
45 35 751
53 53 984
92 62 736
17 13 682
84 60 163
78 17 106
32 99 40
51 44 744
61 19 861
28 10 129
58 41 171
82 84 811
68 33 861
13 21 622
98 12 566
92 57 937
79 88 969
39 56 741
97 32 821
41 38 270
63 88 36
63 4 969
46 8 584
45 6 903
96 20 217
56 9 507
63 20 564
38 29 428
73 84 705
33 64 543
30 99 454
14 15 771
80 27 888
21 24 575
37 19 933
16 7 114
23 8 294
78 82 307
33 2 783
44 88 509
48 37 132
85 41 928
97 82 828
99 29 337
73 21 821
17 44 344
70 54 490
52 7 335
56 22 878
53 58 419
89 48 152
40 72 165
53 49 449
30 10 36
9 43 718
20 81 777
17 7 918
12 98 406
18 98 172
52 60 494
6 62 930
69 35 655
62 79 90
39 75 972
7 73 916
40 81 678
50 96 423
86 96 890
27 6 141
79 73 817
64 19 277
9 21 759
76 77 544
96 88 281
27 11 565
52 2 849
77 47 162
63 62 865
19 54 679
33 94 405
48 82 451
7 5 940
90 54 796
58 12 992
61 83 397
34 93 535
42 91 254
73 41 740
84 17 196
95 20 703
85 55 743
19 93 55
31 23 613
68 4 443
30 26 554
46 22 224
79 79 500
19 24 460
85 6 375
58 5 810
20 21 24
13 74 939
21 91 514
61 47 38
87 49 441
60 51 644
84 28 701
38 69 180
5 19 677
40 52 649
3 92 676
79 68 434
37 51 207
54 27 169
76 27 721
82 97 343
97 6 409
76 38 427
25 73 713
38 99 89
45 40 330
0 1 237
70 64 551
78 24 886
36 6 443
66 17 946
89 56 534
78 69 255
35 26 246
23 7 322
4 31 484
80 35 723
30 38 679
16 68 219
99 50 237
49 99 627
69 60 416
71 77 632
47 77 389
37 82 745
12 24 719
9 65 776
79 51 242
67 27 750
18 67 74
4 50 970
66 84 424
53 86 163
8 31 501
63 95 144
65 19 527
47 78 391
0 0 618
47 48 937
94 78 393
18 96 347
47 23 666
47 76 747
28 20 864
12 3 226
68 65 635
38 43 520
84 31 583
49 15 900
22 60 939
0 63 47
55 76 407
21 22 77
97 14 859
76 19 94
74 80 380
12 42 848
94 43 358
69 69 870
27 86 817
41 3 185
48 39 619
91 42 599
93 97 537
58 54 979
43 94 785
42 16 501
99 24 414
96 23 879
70 59 155
47 20 731
84 10 440
74 17 686
94 62 484
31 97 743
59 35 893
87 13 336
88 45 323
46 20 78
12 96 335
9 68 429
31 81 658
17 16 824
38 74 431
88 92 908
3 77 875
83 55 502
35 62 260
39 39 450
16 48 764
59 45 562
95 67 360
8 87 540
30 65 284
5 48 8
65 47 755
66 15 744
88 3 862
39 35 556
59 85 241
11 34 128
27 28 981
2 2 939
86 2 457
67 1 736
77 81 423
78 16 838
58 66 888
17 5 522
97 51 607
82 56 875
54 57 469
55 0 823
62 85 949
28 25 334
58 57 166
63 42 376
35 44 209
19 51 792
75 98 442
16 6 558
45 74 287
33 76 334
55 41 511
9 88 118
88 25 220
96 68 308
6 41 607
29 67 225
66 25 586
81 5 211
69 74 854
23 87 610
29 86 776
3 69 577
50 26 511
65 82 752
30 91 37
92 99 551
96 72 95
35 54 686
79 29 885
73 87 257
20 51 81
28 36 641
53 70 181
95 88 833
55 85 451
21 38 10
98 67 707
74 88 291
22 20 944
16 18 836
85 91 377
10 18 208
6 56 127
83 68 191
71 34 915
3 45 541
12 44 220
46 43 846
69 22 374
3 35 147
49 38 86
58 11 837
58 32 396
66 92 588
73 63 800
51 52 574
27 8 365
50 56 180
70 67 746
51 50 6
4 7 39
37 91 494
63 71 330
56 64 635
18 80 512
63 59 424
99 82 575
7 96 305
11 80 931
91 30 793
11 72 846
98 20 69
77 55 737
86 34 521
45 15 744
35 56 536
5 6 33
54 14 977
63 53 787
70 51 615
26 38 899
87 42 124
82 36 448
40 26 826
45 0 33
99 20 846
67 43 588
57 6 395
75 71 7
66 40 331
41 44 986
1 57 626
98 4 284
17 80 787
19 96 441
10 4 606
69 21 896
45 55 756
84 29 809
28 35 261
18 62 543
7 52 16
91 79 596
35 8 391
64 75 327
1 14 385
29 63 650
37 45 968
80 66 878
4 52 745
78 85 636
64 27 429
68 59 320
16 0 446
77 68 668
63 68 560
74 72 591
98 42 149
52 37 437
1 2 294
23 47 50
66 87 925
95 41 711
56 14 424
73 92 243
77 60 264
64 80 541
82 35 777
56 53 771
95 85 789
67 67 338
25 78 847
16 38 385
80 93 609
91 69 936
86 46 61
26 50 131
31 18 759
43 82 347
24 15 199
32 89 931
99 49 436
26 6 854
9 1 535
31 84 892
82 2 960
7 32 692
80 7 528
18 22 78
84 80 226
28 14 40
44 25 472
82 86 144
48 58 658
48 44 496
85 52 322
59 96 718
41 40 212
53 51 519
77 78 956
33 29 371
11 20 27
36 97 98
6 69 70
15 60 400
59 76 612
13 26 213
53 67 220
79 96 925
60 56 612
34 58 254
97 63 286
84 86 6
38 37 108
51 8 665
36 69 837
88 85 593
17 78 828
69 63 678
18 41 952
4 36 679
3 61 500
2 42 927
69 16 247
4 80 424
18 58 538
14 77 902
56 56 672
6 61 380
89 0 153
56 48 398
83 97 303
55 60 183
27 50 286
3 66 472
74 67 371
90 53 244
52 91 296
6 52 369
92 9 830
12 31 509
16 84 761
77 40 537
59 98 948
80 15 400
13 19 671
45 81 895
90 99 288
9 34 958
61 65 520
94 61 2
94 83 26
41 26 216
56 78 789
31 80 458
33 99 525
45 67 586
86 55 421
95 89 936
36 41 96
53 98 541
57 53 229
83 21 267
3 96 171
83 49 23
89 20 926
76 45 61
33 11 996
58 60 676
92 89 95
65 12 180
73 68 42
12 95 171
31 58 796
75 35 581
43 87 945
52 13 978
76 31 38
39 81 661
67 45 31
45 17 475
63 87 821
69 88 953
99 73 750
59 71 154
4 61 371
16 94 289
19 76 866
62 40 814
10 33 170
60 42 823
57 41 724
57 8 457
9 15 281
59 66 814
90 2 423
80 57 658
80 21 386
26 23 680
56 71 627
61 98 98
29 15 599
96 18 256
13 88 825
72 56 527
45 33 621
57 43 449
12 48 6
17 22 314
0 57 513
83 3 918
74 24 26
37 14 263
77 18 522
45 25 875
51 16 554
80 5 366
29 21 455
66 1 979
17 56 412
50 47 85
13 93 962
37 23 3
52 44 419
61 63 719
29 46 613
20 83 22
43 21 884
10 25 186
91 14 651
50 38 594
43 20 983
26 93 621
81 88 865
17 86 34
14 22 497
23 48 681
6 8 454
19 34 189
67 11 362
78 40 858
47 69 560
31 61 519
39 49 122
7 12 628
96 71 33
67 46 719
34 92 144
72 97 130
41 59 177
40 25 616
3 4 965
6 9 397
31 98 53
82 96 363
85 83 14
61 96 634
62 47 152
9 31 779
15 9 424
9 78 422
56 25 481
40 39 514
29 41 985
2 12 925
46 11 109
21 33 789
60 37 804
61 41 993
3 9 53
13 90 531
3 46 981
23 97 464
74 39 643
88 23 315
4 96 517
74 74 665
93 49 768
43 42 957
33 40 191
93 46 832
70 13 65
5 32 657
2 64 676
97 81 775
40 78 707
47 25 775
51 60 844
73 30 607
38 57 292
88 71 271
38 5 342
50 55 510
46 45 716
20 24 137
47 35 824
56 50 635
54 43 243
84 89 390
83 69 538
22 46 152
62 69 260
54 3 953
49 9 567
65 20 94
58 71 313
66 31 56
90 32 70
27 7 30
74 13 992
41 39 279
64 60 872
53 92 567
38 7 647
72 74 390
54 89 282
91 57 267
88 16 36
11 4 24
79 11 749
70 7 223
82 46 351
23 86 743
27 78 515
8 72 851
9 9 739
70 68 143
97 86 428
8 98 13
55 80 570
22 4 544
30 84 449
79 67 564
89 51 921
88 52 383
1 61 97
31 38 187
69 29 891
57 29 558
72 90 682
60 1 636
92 96 977
88 38 50
42 13 634
16 21 534
59 19 306
66 79 166
14 74 942
64 59 178
31 22 463
84 27 182
96 58 73
3 42 170
11 55 810
31 76 582
10 97 945
28 78 331
65 5 784
1 88 355
10 55 694
30 77 732
23 84 859
98 68 785
65 38 803
7 99 198
26 43 965
17 62 198
18 59 978
37 71 750
0 95 321
32 26 238
72 92 451
72 42 881
4 11 843
14 11 625
16 3 357
32 9 111
35 70 659
55 31 706
55 34 632
93 16 602
1 42 654
64 93 696
95 66 361
53 63 848
27 95 381
4 48 466
69 10 983
57 22 167
10 22 321
19 36 349
82 60 557
83 6 104
25 36 39
89 52 713
1 59 56
82 81 279
91 19 631
42 0 989
93 54 195
19 2 737
36 95 243
4 97 40
58 10 56
60 23 494
9 47 718
33 14 34
29 60 961
3 65 777
29 22 482
87 9 561
96 53 984
21 20 661
2 81 655
52 38 535
4 63 660
10 52 762
28 11 632
78 66 675
97 58 405
47 33 63
44 0 671
22 77 687
10 39 153
82 65 82
17 58 500
12 55 65
66 34 14
21 99 53
