100 2475
10 34 218
81 84 77
92 30 506
88 55 574
33 49 952
12 17 212
96 72 27
42 69 288
48 85 141
22 61 659
32 81 480
45 55 116
3 4 677
32 92 53
17 61 920
34 43 798
0 42 121
30 12 140
2 74 60
66 30 606
58 21 603
96 4 691
83 17 129
90 78 21
1 71 431
11 63 224
38 23 898
99 16 300
38 94 372
64 44 297
0 35 830
19 50 443
41 58 522
24 14 559
35 45 454
6 16 527
89 28 294
32 96 136
90 14 841
81 66 384
51 33 340
2 97 192
96 39 730
55 21 409
75 90 643
88 79 122
41 79 113
81 0 425
43 71 671
44 48 3
71 48 513
17 92 913
60 66 586
32 45 631
57 9 779
30 4 237
41 56 420
0 99 352
29 12 0
75 3 160
89 46 813
93 71 483
70 61 291
88 19 595
94 12 527
47 18 5
55 68 64
92 28 206
96 53 353
70 29 14
34 49 47
52 24 626
31 78 520
5 46 444
48 37 701
71 26 846
95 77 865
76 55 947
43 30 573
31 30 392
51 94 468
99 10 746
77 93 562
12 21 205
29 32 946
74 9 889
13 2 407
51 75 492
85 73 419
3 37 18
68 57 586
37 87 583
49 72 776
6 41 933
88 2 718
24 40 459
8 43 544
32 15 536
53 35 888
2 11 466
49 45 456
58 16 574
85 27 836
48 83 311
85 11 611
67 66 534
16 31 497
77 1 25
72 95 845
16 32 199
52 1 137
64 57 219
81 35 642
11 32 914
68 25 748
58 33 91
40 38 180
51 44 273
45 62 391
48 16 952
68 37 948
78 7 150
82 58 297
68 52 841
53 12 551
35 12 246
76 50 983
63 88 884
87 91 748
97 48 815
93 11 463
55 88 668
68 22 109
21 65 399
43 99 305
69 81 782
83 69 492
96 86 127
59 98 365
24 1 356
33 4 424
16 37 175
75 23 479
75 6 243
55 72 576
4 26 596
90 7 66
28 97 682
53 56 30
13 73 214
91 72 243
34 61 675
27 8 319
51 60 918
29 13 524
53 31 407
85 83 601
32 53 720
92 15 788
24 41 765
75 7 733
36 85 124
66 17 469
75 18 370
57 49 455
5 18 75
15 83 78
70 9 271
64 69 371
76 59 967
31 84 73
29 91 446
90 84 923
8 22 636
63 92 103
40 81 455
72 41 446
74 96 189
82 72 954
89 38 58
85 8 577
5 25 378
0 9 771
36 19 605
36 51 100
96 46 568
23 54 876
76 49 560
22 9 30
77 35 577
77 39 208
12 41 654
85 23 490
16 65 981
62 20 873
47 39 174
41 12 278
83 0 576
95 1 146
19 66 898
73 28 713
64 58 806
78 13 302
39 2 408
80 6 996
16 46 36
79 31 880
56 61 199
57 71 683
94 41 872
43 9 604
46 81 36
3 20 310
96 62 587
68 49 614
31 77 500
74 86 883
20 11 197
77 15 177
48 1 244
55 40 582
38 43 433
51 22 145
10 43 223
0 33 659
13 19 523
91 47 788
59 21 415
99 39 538
84 1 807
13 97 566
70 62 136
52 21 4
90 27 244
77 48 484
39 87 89
22 87 709
88 84 991
96 82 211
63 71 475
48 39 745
74 28 668
70 74 354
35 77 935
59 75 891
72 28 594
67 67 244
79 63 546
86 7 52
43 2 374
31 65 162
54 75 443
32 30 409
8 90 674
9 66 800
19 65 729
37 66 744
74 47 126
66 0 846
26 61 630
92 22 67
94 13 136
50 95 761
84 88 808
87 63 989
91 14 656
31 50 730
4 37 73
20 79 300
29 97 511
67 94 400
20 91 332
48 38 879
67 8 144
87 33 57
87 50 811
30 98 322
19 16 79
16 94 502
19 87 974
58 4 247
89 31 280
20 28 87
37 16 646
53 62 71
37 60 771
29 2 740
87 56 83
87 7 737
57 53 14
55 39 589
33 92 394
7 71 105
23 6 323
62 39 452
16 99 858
62 88 204
16 92 267
6 21 905
51 69 216
3 70 883
1 90 370
89 79 278
68 34 242
30 82 822
34 15 413
78 99 251
71 86 992
75 48 82
8 19 649
8 94 292
8 51 209
41 81 901
89 36 414
74 8 889
10 26 772
3 57 232
66 37 427
25 11 366
13 7 781
6 11 886
93 13 955
93 35 316
28 71 19
12 99 300
38 36 823
49 39 494
92 34 655
64 54 210
83 56 309
96 63 17
56 15 343
50 0 744
22 81 434
5 49 45
62 78 27
4 89 100
73 52 363
22 57 688
50 70 7
6 59 754
66 65 378
88 94 117
53 3 722
95 93 932
22 93 510
83 68 720
84 57 550
57 58 268
60 18 507
66 55 909
77 73 976
90 74 767
50 1 260
6 47 1
94 95 18
31 49 941
30 27 22
26 10 504
28 72 78
85 93 589
18 60 326
23 51 361
62 44 781
93 77 277
70 17 797
33 87 966
7 69 633
17 13 34
62 40 266
61 12 872
57 10 887
60 68 796
83 57 192
38 46 546
75 99 177
77 53 822
29 4 690
32 6 947
68 73 675
71 33 892
5 85 803
92 85 202
76 8 635
4 14 677
8 62 322
16 20 837
75 71 942
9 68 954
17 96 230
83 71 770
21 2 735
21 88 183
87 87 942
69 86 377
46 95 827
85 1 49
79 9 251
39 58 673
90 90 587
18 1 200
79 65 866
65 74 681
87 31 937
20 85 375
2 39 788
54 92 746
9 53 286
18 94 305
99 68 312
37 73 387
5 0 811
26 11 526
51 0 571
91 87 140
22 49 382
83 46 702
20 7 309
8 42 231
20 53 311
73 40 676
70 72 688
90 76 107
15 38 283
69 58 390
68 12 324
78 10 258
15 81 47
97 6 804
71 54 446
33 57 93
48 68 73
61 33 199
50 75 754
31 12 286
69 70 892
94 79 995
23 21 486
82 24 718
44 46 650
50 7 143
96 99 817
6 75 839
68 2 894
21 56 932
65 7 690
62 5 452
74 44 194
64 66 955
8 28 469
90 87 576
41 16 149
7 38 84
85 80 563
60 71 700
69 71 497
64 23 332
8 18 418
92 93 644
78 20 748
89 52 390
64 6 29
68 43 291
65 35 396
1 69 885
2 78 835
19 93 765
30 9 64
42 44 872
6 62 533
4 64 293
47 61 524
10 0 886
52 63 724
42 2 16
33 82 829
72 7 580
74 61 274
47 56 2
9 15 934
21 11 573
9 81 594
6 87 943
45 49 449
48 61 560
18 6 953
52 57 28
60 72 41
42 92 456
62 2 782
9 20 390
38 60 431
5 26 295
97 19 807
11 22 858
76 85 443
30 80 675
39 4 790
12 39 951
99 59 661
9 46 558
35 8 875
53 21 672
67 40 981
69 14 576
48 4 563
43 94 918
3 88 559
88 17 512
64 37 825
36 17 413
87 25 818
64 9 482
95 71 251
19 20 853
45 23 242
51 52 898
45 87 416
72 63 940
79 5 468
11 67 697
28 17 449
95 4 569
4 10 178
10 86 719
65 57 749
72 0 523
98 67 991
77 98 10
4 68 608
64 10 123
0 93 468
26 54 781
46 87 382
5 97 583
40 49 211
3 31 44
30 69 940
3 59 456
83 31 460
24 36 246
10 82 544
94 58 214
79 61 647
9 6 100
15 56 626
63 36 577
80 39 760
24 17 529
2 13 905
98 82 883
67 62 377
48 13 17
9 60 602
36 60 932
44 51 732
23 35 430
22 13 287
41 82 310
62 96 934
41 31 280
19 67 596
49 68 474
92 69 468
82 2 445
7 97 623
48 7 889
45 58 833
56 56 914
23 72 776
75 52 991
44 21 949
24 48 408
76 65 791
0 1 996
77 2 411
70 11 865
23 38 909
92 37 68
59 45 740
64 5 988
81 31 533
60 21 602
15 51 560
32 23 167
17 83 131
21 69 984
29 57 877
81 11 676
47 8 244
83 16 610
49 59 523
90 69 511
39 13 369
4 11 483
96 55 382
11 76 558
70 6 326
14 33 751
47 82 508
45 66 66
60 42 767
42 48 866
55 61 641
89 43 29
86 90 157
76 58 648
54 58 385
69 46 547
49 10 605
59 79 30
90 35 421
18 56 293
66 56 409
92 53 208
60 61 393
16 21 923
36 52 306
93 33 909
59 69 365
74 58 42
40 29 142
78 56 647
22 91 659
97 84 142
32 24 86
65 77 543
71 63 432
8 95 537
47 87 379
46 66 464
25 60 558
21 57 636
11 65 457
50 92 641
83 28 424
34 55 780
20 60 860
88 4 193
30 72 30
61 51 865
63 86 529
12 91 310
8 93 244
54 90 563
98 34 504
46 82 878
90 66 605
83 99 549
26 52 408
98 22 874
4 27 685
48 9 286
61 32 195
14 39 942
94 74 295
0 17 245
71 37 452
56 79 29
70 52 116
50 40 972
75 15 901
65 37 853
76 63 654
5 10 552
58 25 398
37 40 326
29 63 923
63 82 743
50 9 810
85 81 720
8 73 396
7 80 867
7 61 43
58 89 277
86 80 455
28 88 790
39 93 16
84 6 388
8 91 811
57 79 637
20 96 797
2 5 727
29 88 597
67 86 41
58 34 780
95 81 151
61 60 808
14 42 307
70 39 251
36 50 766
80 82 362
3 63 328
12 86 638
7 72 645
75 22 356
20 38 534
20 72 989
69 59 911
93 29 496
1 49 405
36 54 384
87 19 685
41 94 650
2 55 88
68 97 585
3 50 978
27 9 504
81 64 678
78 62 307
76 31 345
99 58 980
30 24 267
24 55 377
70 16 69
33 73 827
45 82 652
40 54 969
64 15 993
62 9 926
16 62 146
50 76 43
87 68 26
54 54 136
82 74 710
43 23 796
48 82 329
51 85 40
62 4 790
89 64 639
8 68 300
6 32 10
90 60 126
98 3 814
98 58 71
28 78 312
78 50 858
2 86 140
41 34 678
99 7 574
41 36 35
96 89 895
8 63 422
30 99 735
67 72 543
19 96 364
30 35 948
82 86 841
20 26 261
37 20 226
14 97 789
94 97 495
60 82 137
39 10 235
55 47 64
12 48 144
27 98 397
9 59 280
12 4 528
80 40 43
27 31 88
0 19 836
78 27 150
33 94 62
61 22 442
44 81 332
98 66 998
90 6 791
72 62 528
40 86 468
1 91 624
40 80 122
54 40 309
28 73 765
6 63 426
54 16 516
31 8 362
61 91 749
34 68 323
4 43 142
52 84 30
2 45 247
13 85 155
96 18 485
65 80 840
74 81 477
81 75 584
69 99 57
27 59 308
41 38 850
98 60 699
17 19 213
84 93 917
31 1 148
97 43 565
1 16 990
63 73 761
43 66 561
10 97 883
91 42 614
54 27 706
92 51 409
3 35 745
12 75 339
54 22 124
33 64 828
79 35 462
66 61 651
91 5 106
11 79 142
97 62 443
28 6 667
11 41 150
16 29 351
41 11 842
92 32 447
88 71 679
97 53 799
64 18 44
41 95 52
61 36 5
26 47 33
56 3 362
3 23 588
0 85 323
29 80 151
44 22 632
75 49 865
34 19 436
49 27 590
72 2 278
78 68 662
34 88 560
69 57 115
62 30 185
83 75 617
96 61 512
97 61 622
10 5 233
51 30 357
85 34 488
39 35 389
65 41 468
18 44 623
99 8 292
81 17 859
26 21 666
88 53 358
56 70 31
94 43 706
38 12 273
46 65 40
89 6 454
14 77 983
72 36 636
29 37 26
51 3 915
50 99 268
94 37 351
46 71 32
61 85 385
48 29 131
98 11 262
83 52 701
24 71 979
91 31 281
56 78 71
18 15 389
52 29 377
95 41 449
97 23 276
37 53 201
55 16 941
55 8 418
8 86 773
97 5 722
96 24 234
22 40 947
67 57 508
74 11 241
65 89 830
19 43 86
89 24 162
29 85 205
31 76 265
72 87 546
83 40 474
64 3 806
46 79 486
58 9 164
48 26 476
43 11 801
20 37 777
6 39 128
44 40 52
52 40 85
71 58 409
22 36 148
91 28 979
81 16 822
51 55 32
90 37 470
46 52 959
71 21 335
81 59 687
10 31 471
59 80 718
93 53 876
36 8 695
92 65 23
82 22 384
50 6 312
47 24 37
74 31 298
43 1 973
5 94 467
24 46 685
95 72 267
36 38 195
95 40 257
32 75 922
93 16 655
38 51 205
57 11 222
76 69 580
25 89 685
52 18 928
78 57 54
27 84 91
31 52 36
32 0 167
99 65 52
36 91 659
40 37 77
78 9 481
45 7 568
41 83 744
95 11 99
14 50 344
0 23 38
45 81 499
98 0 887
29 31 605
73 32 603
75 74 868
30 96 88
74 17 490
52 16 179
55 55 138
69 6 82
57 54 880
27 7 897
57 52 369
64 13 261
56 32 186
45 91 615
8 87 11
87 36 834
1 84 233
8 92 966
44 42 218
56 72 809
43 14 640
36 99 487
75 88 155
24 77 286
89 83 410
73 56 827
21 74 383
8 48 629
60 99 443
4 92 359
62 97 878
71 43 570
81 63 84
43 87 35
84 59 332
66 62 206
94 77 946
46 25 500
69 48 688
1 15 391
80 83 281
75 92 64
74 26 226
57 0 886
21 1 820
99 51 499
52 7 84
38 70 766
18 91 447
99 64 303
83 39 844
18 13 875
44 73 625
86 89 272
89 69 753
14 16 345
23 28 612
12 63 392
9 83 131
56 17 702
51 65 950
97 12 31
16 68 472
69 51 962
17 45 564
11 55 111
86 19 691
36 92 717
9 65 253
32 39 327
93 96 271
91 58 753
23 96 677
76 33 214
6 42 684
65 20 674
50 74 418
38 52 434
97 10 529
45 17 674
76 90 348
94 52 896
3 34 979
5 56 185
23 46 256
38 40 750
13 46 859
38 80 661
32 33 316
5 54 663
59 58 846
19 69 38
29 66 90
0 94 447
89 10 561
3 98 949
35 14 622
10 18 528
58 58 3
35 96 997
13 35 74
54 39 523
43 90 999
63 4 425
8 98 948
78 65 922
77 26 425
89 78 616
84 53 277
87 78 948
18 17 712
0 38 70
23 61 77
19 34 698
0 63 189
18 45 309
55 13 189
23 4 73
43 22 291
12 79 803
15 12 53
41 44 161
69 64 103
17 31 133
71 96 998
0 26 502
84 61 601
77 52 44
37 51 434
87 49 260
83 43 578
63 89 966
4 84 522
83 14 456
23 42 624
62 57 823
75 43 575
12 47 420
84 54 224
3 25 17
60 11 141
97 65 538
75 29 643
51 43 2
55 91 308
10 17 780
43 3 300
91 92 285
17 60 761
27 76 826
56 10 968
48 31 803
81 47 717
63 66 758
66 32 270
10 23 794
45 45 795
18 33 828
18 87 152
19 91 990
76 15 7
43 69 709
13 62 522
96 22 623
32 35 156
95 91 462
54 98 538
94 94 59
6 24 102
27 34 524
58 43 809
21 38 189
81 95 505
21 67 971
17 85 969
74 16 142
43 26 617
93 46 102
67 19 158
74 72 2
77 59 988
42 91 400
83 47 521
11 17 853
18 53 804
89 51 212
51 47 739
2 26 911
79 36 280
38 98 330
1 57 718
13 68 925
12 53 413
89 81 627
1 58 426
18 11 745
50 94 521
96 5 686
43 67 310
88 85 173
27 10 440
50 57 635
99 47 468
65 73 60
38 4 778
10 1 287
43 48 978
29 68 89
73 0 876
37 95 977
12 8 405
17 43 427
99 72 173
89 40 852
44 37 456
91 43 841
94 28 107
91 22 637
27 44 926
33 39 378
0 24 239
11 30 647
28 81 140
3 18 911
53 72 93
54 80 116
74 80 210
17 20 653
1 2 840
56 86 935
87 28 610
60 10 365
12 30 566
30 7 576
79 59 745
65 38 29
54 35 583
49 54 190
9 0 670
72 73 140
71 79 556
28 68 299
86 71 704
82 51 770
74 30 764
24 96 812
76 27 380
37 69 46
85 20 18
91 49 32
34 59 271
55 14 940
93 10 437
22 20 851
11 40 736
53 96 477
15 43 551
50 78 938
24 82 513
25 62 280
59 87 322
79 11 289
32 90 56
91 8 530
75 44 287
58 74 291
7 12 976
24 95 882
14 37 297
54 37 193
20 89 844
47 14 519
14 36 961
70 46 622
38 28 207
4 24 853
24 15 427
30 93 810
38 57 613
54 62 213
46 21 528
86 33 749
12 89 238
56 71 884
6 0 556
18 41 590
19 51 164
23 89 543
61 69 890
4 53 901
83 13 769
47 67 805
22 38 623
2 51 869
80 13 902
11 87 261
13 94 244
47 41 773
26 35 753
53 43 177
94 81 208
4 32 7
38 11 550
90 0 378
86 14 228
15 85 386
84 35 626
23 98 509
27 3 344
64 2 717
38 8 347
36 74 14
46 46 693
67 65 261
10 69 547
68 94 276
83 64 28
80 24 945
3 43 486
57 83 725
0 2 47
56 45 771
52 41 969
61 43 483
87 20 382
92 83 690
19 40 510
46 56 542
29 45 677
53 8 204
85 96 692
2 17 19
70 59 587
16 74 385
10 37 635
61 1 797
14 18 93
94 48 78
6 90 929
86 18 418
28 90 611
73 12 70
76 18 414
5 74 49
30 3 171
95 28 391
43 39 478
64 52 259
60 58 964
56 48 36
71 71 944
96 41 335
16 60 22
67 16 598
2 84 825
84 40 113
10 48 920
19 18 112
55 3 182
10 10 589
45 79 425
19 37 587
98 69 202
66 63 592
42 38 922
69 61 278
33 53 196
77 3 783
12 78 123
91 54 610
62 47 340
87 14 36
99 46 773
42 10 444
37 62 822
35 62 78
19 64 984
89 11 84
27 73 568
54 67 520
69 47 461
89 4 181
48 14 648
66 10 76
41 86 950
77 89 853
6 83 841
13 84 344
11 53 540
12 10 159
50 81 864
77 20 473
87 17 624
34 69 343
87 84 945
73 16 87
5 95 150
40 52 142
29 47 895
76 99 274
94 85 183
71 5 246
75 30 411
21 59 363
36 10 357
54 26 383
88 44 451
96 74 556
84 19 148
79 27 706
55 71 839
92 18 828
37 30 294
27 19 206
49 16 888
56 75 117
15 98 495
74 69 593
7 63 313
46 72 64
2 66 227
73 95 128
83 24 906
74 15 268
96 34 780
37 3 946
76 29 378
67 99 546
85 46 191
40 91 169
69 65 573
60 92 900
93 80 40
14 15 603
9 7 182
24 66 246
34 72 108
90 54 168
21 85 590
11 9 101
4 78 888
77 91 907
14 35 412
4 86 495
85 22 760
79 24 438
38 61 55
7 39 786
93 70 690
96 19 529
85 95 26
25 43 777
58 64 484
98 52 819
55 58 766
88 29 436
92 76 458
17 89 523
23 50 678
92 73 319
0 12 644
14 49 824
13 30 14
47 35 454
85 59 759
15 45 184
29 87 949
76 7 542
82 20 986
30 67 350
13 26 165
63 21 559
2 87 651
16 33 759
1 77 360
92 74 840
65 43 299
53 40 941
36 75 717
53 90 107
73 94 399
66 14 189
56 1 322
64 71 227
80 19 728
50 79 998
85 54 843
65 63 138
39 97 597
77 54 323
26 6 883
36 34 767
99 73 326
69 66 770
74 33 803
19 32 655
90 72 235
55 51 613
34 9 569
62 93 187
64 27 398
21 95 681
59 37 513
58 10 171
83 66 559
4 55 684
46 41 314
94 56 569
53 42 102
60 51 516
45 70 617
20 0 496
97 38 85
18 80 757
73 17 34
53 5 773
68 80 590
58 57 939
45 83 177
72 59 694
8 55 194
70 24 713
17 53 219
63 30 330
21 35 804
46 74 944
51 95 770
10 19 921
39 28 197
93 92 99
97 36 384
72 15 429
24 32 433
40 92 953
44 66 379
27 28 569
59 51 489
4 91 228
51 39 929
96 13 624
89 34 810
37 42 466
28 18 837
55 20 368
54 8 277
4 40 538
59 49 323
55 79 784
46 27 919
18 26 185
64 89 680
1 27 120
57 47 316
95 87 645
98 9 237
6 91 760
40 74 23
53 44 16
60 59 853
50 80 362
45 16 509
6 95 273
56 46 531
43 50 292
70 5 466
30 64 927
34 53 145
22 70 152
22 68 995
89 56 287
87 43 887
53 54 30
8 7 510
59 22 831
26 96 168
97 96 996
7 44 566
94 24 651
6 92 531
74 60 476
2 82 779
21 19 712
52 2 208
68 5 359
48 18 161
41 23 727
75 76 744
43 79 120
18 86 751
61 41 396
42 86 858
90 61 948
29 1 562
17 68 815
25 3 707
79 66 879
34 50 250
4 95 330
55 95 69
23 48 410
43 8 621
86 85 643
27 83 123
93 39 123
71 9 43
31 62 156
41 14 739
44 25 117
70 31 217
33 1 409
43 20 636
85 70 73
83 36 449
59 86 769
76 92 721
13 0 52
90 29 225
36 33 920
23 10 574
23 64 252
16 7 363
43 6 228
20 63 539
2 34 413
21 77 117
3 19 61
16 83 790
65 29 72
79 43 57
33 27 931
47 71 350
30 79 597
72 92 582
36 14 434
82 33 596
88 91 551
2 44 160
25 51 184
88 47 388
83 48 160
97 72 718
24 51 170
69 32 796
42 59 879
34 51 658
26 92 875
53 70 355
32 22 463
71 24 837
31 11 535
23 56 350
71 59 74
54 1 987
66 7 926
6 69 518
54 71 117
1 34 997
20 78 236
11 73 526
19 88 365
30 97 838
94 29 464
72 25 291
35 41 826
99 45 391
94 42 683
64 91 828
82 97 969
21 75 598
40 55 699
71 39 292
90 2 952
89 59 460
12 7 952
84 75 501
36 86 278
59 42 581
43 37 983
57 22 886
81 80 88
90 10 229
23 37 772
54 17 416
17 87 51
16 19 505
35 47 108
97 87 597
2 76 886
91 11 395
7 28 379
0 34 146
39 53 727
39 39 297
58 84 403
80 37 142
91 52 905
65 17 856
33 98 999
58 80 58
27 70 115
40 73 76
81 40 222
51 56 339
33 19 12
22 14 435
28 12 891
61 98 726
35 78 661
58 99 915
1 95 315
79 12 731
5 93 351
25 71 856
91 93 184
0 11 212
35 92 423
46 13 170
50 39 662
12 42 679
26 81 934
93 51 30
16 75 187
70 22 369
27 29 741
54 69 283
67 3 492
70 76 22
36 95 873
18 8 456
73 91 645
14 54 86
15 63 571
66 79 227
15 27 240
71 94 521
40 75 555
56 23 164
18 24 473
75 89 238
44 49 733
59 48 731
85 53 369
63 47 712
6 71 836
62 22 383
64 7 978
18 64 898
4 82 45
15 6 529
45 47 210
87 8 612
30 46 711
84 76 527
53 16 707
82 71 245
61 10 537
14 88 164
54 38 905
67 34 691
67 48 396
17 36 199
17 24 469
27 21 736
78 5 930
5 81 435
75 66 745
60 5 471
59 74 190
23 1 303
42 72 308
2 32 63
9 21 278
49 32 390
54 23 841
74 4 63
9 28 54
70 28 698
53 50 410
98 94 426
43 56 550
92 58 804
55 59 114
78 71 884
42 45 519
24 85 806
35 7 875
31 72 77
24 63 17
25 35 755
25 24 860
42 52 317
9 69 64
72 4 927
18 0 207
50 15 88
92 89 560
87 89 995
92 75 466
68 53 763
30 37 757
2 81 803
77 21 124
58 36 552
87 15 392
14 87 164
90 50 929
31 64 886
67 63 446
93 47 592
51 61 161
34 7 4
46 19 347
69 38 899
42 66 237
98 51 87
82 8 663
45 24 386
33 13 443
49 55 193
76 17 166
49 77 785
16 97 77
91 60 244
4 67 934
97 89 613
43 73 948
17 1 247
38 85 212
37 83 492
67 10 402
33 28 847
86 51 488
86 74 753
51 11 999
92 45 9
38 84 410
0 48 308
45 1 339
70 87 463
86 76 684
54 77 689
34 34 30
58 41 401
48 95 690
6 68 239
71 53 180
42 23 757
58 14 838
27 45 619
61 26 820
41 89 409
80 61 512
15 86 38
26 85 474
94 11 152
90 65 222
21 17 996
9 24 899
91 83 339
34 45 648
75 45 653
59 2 753
79 98 809
77 43 542
43 40 769
3 84 671
27 38 298
67 50 54
44 79 527
4 44 742
16 93 712
64 92 528
87 24 678
93 48 865
69 1 639
25 37 612
87 75 160
37 35 510
59 94 838
39 16 670
97 56 923
19 22 301
9 90 869
78 39 895
43 29 905
24 33 245
20 10 433
93 57 839
84 69 481
47 9 156
40 39 53
45 95 170
52 13 191
1 8 991
12 73 147
20 2 777
53 87 834
90 51 691
84 51 307
48 42 50
18 81 972
51 72 315
12 34 427
91 94 738
38 71 847
1 54 474
3 91 999
57 40 456
23 78 749
5 42 835
88 59 378
79 26 13
57 17 847
56 47 998
64 61 973
49 98 467
81 97 66
42 7 317
88 82 351
99 86 91
6 86 239
74 22 168
5 91 30
8 34 395
9 38 33
53 41 557
66 60 764
48 6 207
8 97 532
19 62 268
58 20 180
99 84 207
49 20 316
33 67 737
54 36 342
45 26 233
64 50 547
13 96 714
68 3 322
36 65 648
56 54 774
66 80 731
81 77 833
95 86 812
53 47 242
68 29 680
15 64 377
81 54 923
72 49 114
43 60 355
71 73 810
47 81 744
14 17 572
18 21 734
93 56 4
97 11 787
87 34 556
74 73 930
88 52 436
55 5 313
79 82 744
11 20 961
77 23 854
78 37 341
31 24 374
31 37 424
95 80 299
65 6 862
1 12 499
2 21 96
41 17 398
26 53 618
56 85 221
81 28 743
50 73 604
92 71 779
77 18 554
2 57 698
80 88 530
34 36 504
57 81 393
59 6 758
95 18 355
5 71 495
18 39 616
26 36 774
48 50 201
98 19 50
52 76 120
25 84 255
47 62 882
27 97 735
80 10 486
38 29 218
9 88 287
51 36 883
14 47 715
24 64 297
2 3 81
43 32 401
61 0 486
55 30 485
1 47 653
63 55 879
52 96 287
42 74 454
24 78 193
33 8 482
71 11 295
19 79 60
42 83 366
45 41 762
37 59 926
51 91 430
42 56 472
60 25 200
36 71 36
58 73 633
19 27 867
2 30 735
96 50 764
29 8 482
66 51 160
34 8 273
37 21 301
83 54 303
23 63 696
21 90 43
47 44 819
25 65 706
99 56 576
31 36 554
71 65 893
73 25 96
64 77 925
59 17 23
3 74 391
40 62 648
50 2 745
69 0 256
46 17 114
30 94 127
53 75 918
56 83 329
69 21 954
51 86 779
44 93 522
26 84 411
33 66 936
27 39 934
89 65 508
40 82 171
45 2 745
79 39 301
85 68 37
46 43 190
55 81 102
18 2 905
26 80 322
3 42 571
6 1 453
14 95 582
94 7 616
5 92 721
33 3 167
75 58 801
15 24 920
34 21 650
31 55 163
31 45 382
64 87 117
46 77 759
29 36 187
28 70 842
74 91 171
16 16 845
80 91 700
14 43 414
19 45 738
42 18 608
49 73 643
57 70 725
78 21 954
18 71 534
81 29 70
62 48 600
69 54 385
50 20 911
81 72 168
24 24 295
90 33 963
83 37 532
58 40 297
30 6 50
20 15 369
97 45 693
29 56 125
62 80 288
77 88 525
81 50 671
14 91 915
72 67 679
55 38 963
31 15 413
25 98 825
20 93 573
32 34 899
17 28 797
21 13 301
5 60 982
41 4 526
0 98 198
7 22 390
23 75 639
47 13 759
51 45 8
18 88 660
67 46 305
96 73 484
58 0 788
13 32 540
37 64 866
32 31 141
24 90 70
73 62 480
17 14 976
88 86 483
63 29 495
84 30 647
50 96 670
10 33 491
98 17 847
33 12 944
83 90 836
30 71 189
16 12 803
86 99 636
67 74 273
87 79 440
24 11 219
35 43 412
11 54 868
2 90 704
88 51 518
37 50 240
50 17 731
19 25 498
91 84 89
62 0 418
49 63 314
36 44 790
41 8 869
53 33 162
4 93 896
31 53 934
58 26 337
9 9 114
52 77 959
71 1 174
83 59 776
2 88 212
70 21 642
6 30 524
95 36 947
88 89 530
51 57 115
17 78 34
48 47 137
72 60 830
73 71 245
44 18 848
39 83 917
31 23 602
93 4 654
80 35 959
79 86 832
49 88 90
78 38 105
26 91 843
34 82 121
82 54 697
62 56 491
77 94 864
61 92 362
54 76 273
90 38 251
39 37 448
61 35 332
19 59 758
39 40 639
87 27 602
97 76 181
98 50 596
3 73 252
34 1 887
18 67 816
15 31 96
29 14 518
33 14 913
37 68 390
54 13 212
61 77 449
70 69 741
12 71 780
45 5 423
39 11 198
73 26 154
75 19 564
32 56 132
94 47 289
0 28 882
80 31 687
41 96 64
87 37 506
26 90 440
69 84 171
8 13 713
74 3 451
45 84 273
17 25 64
55 93 725
17 56 857
15 40 568
65 2 449
2 75 713
80 54 973
25 66 100
25 6 81
74 0 355
69 55 548
41 67 116
10 47 164
18 40 657
68 13 197
5 32 990
25 47 7
41 26 410
72 27 628
0 58 27
65 94 138
18 58 461
2 70 628
46 55 799
5 36 988
65 79 72
46 90 465
11 80 895
41 30 127
91 16 924
53 46 366
72 12 563
14 1 925
61 49 239
27 78 956
12 6 278
8 52 315
16 47 537
78 72 324
20 61 243
42 19 213
52 99 930
54 21 982
65 49 106
92 44 753
58 22 635
81 71 154
26 60 259
76 14 344
11 68 12
44 14 734
34 86 489
97 39 65
50 27 933
23 69 353
35 16 802
93 7 464
72 38 953
19 12 744
44 47 782
10 38 455
19 47 407
71 22 454
16 69 493
52 53 11
8 29 739
5 9 16
64 97 814
0 60 442
25 90 876
24 0 481
26 56 348
75 17 459
2 38 430
64 73 27
9 89 987
89 54 846
83 11 218
37 36 103
11 15 468
96 6 77
38 82 660
45 25 886
30 45 556
44 86 90
86 62 77
25 58 353
12 56 819
1 43 939
43 86 154
57 33 453
26 46 987
98 78 379
55 24 501
87 62 826
73 55 727
68 67 802
97 35 649
18 32 854
34 56 198
10 13 887
57 27 139
63 72 741
19 9 311
35 72 612
0 43 142
52 59 931
70 75 503
6 94 131
77 72 775
51 2 485
11 2 560
29 59 575
7 8 3
56 27 652
0 53 956
32 70 654
92 92 181
27 47 563
52 48 874
59 52 709
22 34 340
41 47 674
12 22 112
86 30 747
40 58 907
78 48 715
80 45 489
72 68 554
93 8 842
70 70 557
46 23 24
27 4 402
52 65 565
55 11 751
79 64 213
70 82 312
54 70 107
62 65 911
59 23 806
3 1 920
35 52 42
60 76 786
43 49 505
54 96 214
94 19 904
0 13 334
8 23 521
51 27 50
13 59 900
94 14 575
7 13 944
72 94 685
13 78 390
51 50 294
74 74 627
46 80 102
26 8 628
67 78 704
4 57 27
85 38 298
81 44 406
94 90 181
41 48 130
1 88 667
25 41 227
71 88 47
27 15 460
8 96 207
0 25 45
9 94 685
45 61 456
28 53 988
35 75 818
43 13 457
97 32 63
97 91 986
35 66 908
91 3 742
71 60 723
76 88 113
41 92 723
10 49 869
61 53 563
53 17 556
47 84 401
98 89 866
5 88 646
43 58 686
45 42 30
31 4 729
22 65 309
68 83 683
84 21 876
90 64 287
78 36 926
70 48 58
41 35 29
35 25 750
46 11 253
81 4 25
65 24 659
70 55 712
11 11 117
58 55 504
27 81 272
1 56 455
64 72 480
53 66 659
30 73 311
45 92 187
28 57 211
74 88 994
8 21 506
70 85 742
71 92 60
20 90 90
18 72 916
94 33 212
52 26 688
91 10 897
5 8 545
89 97 383
41 91 399
19 68 597
81 21 773
57 6 401
37 22 762
97 77 878
73 39 706
89 80 866
28 29 745
61 16 269
74 62 334
56 30 181
97 92 166
55 84 868
76 43 867
14 21 934
41 64 565
94 39 544
38 76 320
43 82 950
0 27 39
3 10 612
29 53 864
90 18 913
60 57 252
35 40 63
48 79 928
16 87 198
79 99 680
4 96 296
57 78 438
82 68 73
9 56 81
80 80 544
43 19 296
92 46 326
18 50 632
2 29 824
6 14 827
18 20 526
66 5 414
96 3 61
79 52 205
44 67 558
63 84 313
77 36 336
26 37 436
77 51 629
90 19 382
64 90 266
17 52 432
33 2 814
66 19 368
14 19 512
93 82 85
99 92 150
56 94 977
64 83 99
86 83 181
40 35 584
38 83 424
12 45 675
35 10 109
29 82 631
74 27 932
65 23 36
43 24 398
58 49 595
42 64 399
28 16 56
39 66 95
29 28 207
55 33 998
6 6 527
96 21 321
42 53 506
22 39 983
66 97 932
29 95 643
3 3 164
13 67 19
16 24 993
49 40 518
94 83 299
86 57 302
43 0 934
73 37 218
41 21 646
24 97 637
49 46 597
44 75 330
