100 2475
88 29 123
14 23 468
36 49 552
32 34 451
94 96 576
9 16 974
42 23 46
46 28 491
96 93 644
57 17 901
2 71 102
15 77 863
20 81 578
90 85 127
78 19 570
18 45 915
4 75 654
85 29 605
15 23 482
43 45 737
11 52 837
66 30 239
98 56 407
51 35 154
53 89 324
3 76 533
97 60 897
6 15 613
34 38 4
30 80 360
96 40 997
86 64 270
41 91 862
74 43 71
20 71 402
55 7 778
62 78 548
71 1 877
65 99 53
25 8 313
29 55 144
12 79 139
30 24 563
28 8 605
30 99 8
33 58 593
94 62 847
19 81 930
17 43 145
53 37 395
36 46 213
98 6 534
48 91 122
59 9 281
51 57 53
45 66 547
26 23 604
43 6 455
99 6 227
61 65 978
54 15 49
21 31 486
11 14 222
12 40 329
79 23 419
97 26 665
8 69 159
84 85 495
22 86 302
86 24 509
85 88 356
28 69 631
45 65 351
79 35 906
28 17 829
11 95 515
30 19 6
98 9 94
45 96 502
2 38 75
32 72 529
60 53 860
37 95 918
0 38 78
96 67 259
76 52 144
45 82 663
35 27 263
95 85 580
12 59 470
95 93 982
93 95 907
79 87 578
89 91 363
69 80 900
79 33 49
28 60 641
95 90 403
12 44 238
77 22 419
64 24 919
72 19 629
15 95 746
55 51 68
86 4 594
48 25 235
33 4 843
11 53 913
26 40 540
28 96 830
32 11 102
68 67 805
37 44 271
58 28 569
71 10 957
10 94 543
3 48 830
5 9 659
57 72 395
81 62 550
17 75 508
54 29 107
18 44 129
67 35 696
53 57 217
91 44 647
18 92 48
33 35 359
3 27 377
27 28 269
29 7 711
30 90 388
26 72 486
82 72 213
63 91 824
59 13 496
18 23 897
45 76 758
69 8 133
45 56 376
68 74 660
92 19 984
82 44 648
35 9 520
75 91 763
11 34 457
77 51 114
23 96 435
89 86 964
58 73 411
62 27 452
96 23 297
70 39 876
89 53 797
44 54 60
50 84 201
96 4 668
12 89 49
71 26 953
69 69 825
76 43 99
62 4 614
39 92 3
5 48 804
47 97 941
92 93 918
4 63 620
78 23 819
3 41 211
51 24 634
3 33 883
64 34 270
11 64 189
54 28 956
92 38 179
78 28 260
84 12 93
58 42 757
72 50 454
39 50 280
82 2 869
79 42 200
1 74 767
79 14 262
24 73 868
81 45 269
1 93 984
46 25 999
32 42 644
25 7 890
72 53 872
35 30 960
10 16 743
80 6 855
65 45 657
72 84 553
42 40 226
41 42 920
79 67 440
39 46 956
51 50 418
18 72 928
19 40 398
24 30 684
50 38 30
42 33 595
89 62 703
22 75 705
19 96 277
88 5 68
27 19 464
27 94 864
87 44 761
4 28 272
14 4 246
14 19 687
6 52 291
9 67 619
31 34 764
64 60 528
30 93 704
9 86 777
32 64 332
4 92 613
27 43 404
73 51 239
20 25 569
35 80 549
1 70 902
67 34 306
27 25 324
19 2 630
40 59 788
14 78 999
54 87 565
53 76 35
59 69 96
40 25 197
66 98 732
13 98 175
64 19 490
66 11 55
23 85 985
25 38 226
10 21 471
96 29 558
8 41 64
74 98 610
68 50 186
58 77 238
93 91 848
79 28 646
28 1 418
95 76 231
28 22 829
95 20 342
39 47 108
12 13 615
27 3 524
32 10 495
87 76 1
60 91 381
85 42 814
16 66 270
29 22 826
46 94 808
24 89 929
44 39 761
45 72 147
63 65 41
51 18 515
18 26 398
59 43 373
98 54 750
28 30 743
44 24 966
4 66 841
16 81 504
52 80 365
82 4 553
49 38 985
32 67 119
29 3 340
7 60 71
75 2 968
78 74 291
99 46 595
52 98 813
12 42 573
47 59 662
27 17 657
77 29 119
4 82 171
81 21 664
93 51 424
49 18 413
6 2 428
72 66 147
60 1 848
64 69 24
28 79 486
24 16 856
99 47 35
54 20 510
68 28 727
40 81 480
57 4 284
93 52 939
58 49 21
52 72 471
17 5 798
50 99 370
19 34 816
39 1 389
95 78 161
97 33 13
60 40 779
51 4 142
90 79 135
4 60 97
39 54 448
68 7 125
44 25 992
13 1 173
96 33 371
82 33 660
86 55 170
54 88 307
83 78 954
26 13 639
75 31 108
81 79 311
32 84 731
91 93 353
35 89 780
59 80 287
80 13 277
26 37 174
39 7 576
90 52 259
70 86 244
88 56 802
40 39 746
43 13 863
97 65 503
34 22 937
96 78 654
68 4 167
77 80 123
66 88 952
37 34 920
98 55 674
4 16 541
80 18 883
49 55 905
93 60 897
83 4 571
7 35 321
33 77 802
24 17 768
60 24 923
85 89 508
68 97 77
31 62 365
25 89 272
0 59 925
14 32 743
27 97 145
37 93 682
98 72 359
89 41 169
18 54 597
14 43 749
99 8 826
88 88 97
12 9 703
99 58 261
23 8 18
20 11 980
44 6 556
32 17 816
3 5 640
15 48 926
2 35 663
15 98 355
35 47 345
94 99 125
68 22 91
21 53 817
99 79 510
33 95 346
2 86 325
65 18 553
5 46 43
84 31 241
59 52 188
79 31 350
11 55 947
25 69 115
2 30 677
44 15 293
78 53 628
68 53 505
98 29 881
1 71 162
27 46 14
94 7 707
93 25 970
61 46 771
12 29 257
70 78 954
86 63 462
68 58 985
70 2 271
25 85 98
72 39 826
1 21 324
92 31 55
52 84 267
62 20 347
46 0 470
95 52 147
22 58 257
53 79 376
78 95 682
89 83 132
51 47 210
41 65 571
42 30 981
80 84 476
87 71 360
46 79 809
26 70 853
32 78 172
87 31 840
89 72 63
50 75 809
2 65 359
58 79 705
10 97 384
80 98 873
62 53 38
99 16 744
21 66 188
32 40 536
70 15 660
6 1 419
17 6 866
52 6 806
57 33 852
75 63 68
67 42 209
30 28 434
59 90 529
98 16 568
91 94 194
7 97 151
15 31 262
44 72 712
23 48 98
3 54 957
22 69 320
89 14 447
81 4 951
1 83 339
73 82 784
7 10 388
51 97 584
91 71 636
21 77 300
79 10 187
40 27 73
6 70 103
73 98 416
74 84 638
49 83 294
54 98 451
36 58 840
58 78 841
28 58 823
46 92 90
80 54 177
62 71 614
12 58 549
22 68 156
83 84 704
91 22 974
90 36 532
84 20 192
41 27 986
92 7 361
91 35 73
88 31 454
18 28 966
47 48 543
43 83 613
43 67 119
88 6 551
36 86 879
48 17 746
91 72 897
40 42 494
54 97 519
14 99 805
16 88 157
92 71 975
12 85 277
6 50 364
97 66 259
24 25 522
87 65 517
22 10 681
53 46 392
58 1 69
98 31 115
96 75 263
76 30 166
55 17 935
97 89 443
70 7 940
30 51 732
4 18 688
66 31 823
32 22 360
34 87 887
8 18 118
12 35 624
54 44 717
82 18 257
15 24 930
97 19 0
13 18 270
58 74 392
78 31 509
78 10 39
81 48 524
42 16 658
77 93 900
81 92 188
97 62 310
69 57 567
26 49 403
87 35 406
98 28 296
67 61 624
95 97 401
14 89 435
87 95 504
53 0 534
91 17 167
81 17 216
9 94 684
55 98 861
48 35 119
59 97 721
3 14 615
18 9 985
60 17 466
0 3 331
60 31 53
76 47 977
96 28 209
99 15 488
85 31 972
40 95 931
81 94 200
48 47 50
76 77 46
77 70 696
98 24 975
28 77 483
97 64 996
14 18 993
22 67 395
94 35 436
44 95 933
70 40 857
79 43 108
59 26 717
26 71 214
58 45 877
98 91 328
71 46 963
69 74 899
97 23 129
68 59 559
42 68 960
62 88 982
90 59 556
69 45 375
61 14 111
57 36 359
35 43 734
24 11 739
97 90 502
68 27 925
29 10 936
23 20 568
23 47 664
91 79 59
35 93 749
36 20 48
82 98 467
19 33 78
20 50 999
55 96 89
5 53 504
64 82 494
40 23 92
37 32 727
97 13 65
84 30 826
65 33 123
85 9 793
58 56 398
33 46 897
14 34 481
66 24 193
72 1 635
7 62 861
8 45 952
97 96 200
40 78 844
95 94 474
65 69 73
67 70 9
28 41 250
7 15 455
21 13 377
73 13 364
64 4 426
98 47 964
54 59 994
83 10 565
90 28 723
41 9 772
51 12 595
99 83 61
84 72 544
23 84 60
40 15 258
79 75 394
71 47 399
10 92 565
28 16 511
16 47 922
2 20 201
70 13 861
60 82 789
56 14 501
84 76 426
6 16 749
70 92 69
26 93 739
20 6 986
44 83 414
93 68 74
5 12 266
47 85 132
49 15 684
20 76 996
95 69 789
62 7 151
30 77 263
96 82 534
74 28 809
80 3 491
18 37 551
39 90 795
52 27 105
94 64 695
96 81 583
94 36 513
55 59 308
45 16 760
14 15 213
2 16 595
55 36 756
29 60 323
3 31 617
73 48 156
31 80 794
99 90 597
94 33 92
82 8 114
37 40 240
11 50 890
27 72 371
3 42 905
29 65 663
23 5 597
74 4 754
38 79 618
49 98 490
42 86 392
34 28 869
15 34 171
63 72 890
98 66 132
35 51 373
96 11 768
11 46 226
95 57 594
51 26 424
14 55 105
98 53 269
29 1 842
50 98 276
54 65 933
22 55 319
97 97 148
72 54 164
87 23 544
31 3 753
53 77 605
75 80 667
23 10 608
42 77 704
57 51 947
21 50 105
71 87 966
45 11 416
39 62 284
3 89 835
96 89 610
18 61 868
96 45 435
78 51 103
22 24 95
4 52 288
34 15 125
18 76 760
39 34 385
63 31 347
17 60 387
9 34 813
72 95 52
15 32 143
48 58 392
37 79 281
90 50 934
68 24 850
26 84 636
74 40 142
89 7 911
36 16 353
61 8 185
25 28 203
81 77 615
8 35 811
3 40 822
53 55 88
29 92 584
63 35 572
32 13 882
91 97 582
16 95 886
88 42 466
75 34 842
51 22 923
16 40 196
74 61 13
32 46 302
26 92 486
54 90 136
62 90 674
49 67 953
73 70 928
96 41 224
28 88 927
13 30 575
68 44 84
89 1 318
6 48 502
5 8 412
55 74 599
26 61 610
41 28 939
24 26 33
25 25 290
16 45 511
37 62 456
57 49 377
7 25 432
33 86 249
80 58 243
50 22 733
30 84 979
67 60 204
33 31 117
72 14 373
60 62 931
59 78 824
85 67 438
49 9 384
23 89 889
10 72 283
86 96 559
54 2 140
35 4 584
70 91 494
67 63 384
78 87 913
34 24 28
39 37 581
44 66 714
57 91 139
85 2 687
36 56 921
20 82 919
57 16 126
22 27 474
63 26 216
19 58 984
94 53 446
51 20 889
31 40 375
64 0 678
24 61 303
17 65 498
58 98 333
58 57 797
2 14 290
1 47 902
30 31 955
1 95 310
24 28 674
10 26 23
44 81 171
8 37 339
86 9 837
76 64 700
70 22 358
78 80 944
83 72 277
67 56 947
68 93 299
50 45 71
99 37 449
84 45 271
14 11 820
19 24 300
25 35 863
36 13 90
64 38 961
43 86 490
87 77 437
74 23 851
27 18 843
98 2 653
3 36 872
46 55 634
35 29 353
63 98 1
22 85 363
55 64 715
37 47 31
94 85 130
15 46 132
89 23 738
2 89 688
32 55 566
1 26 899
27 51 910
96 18 8
79 73 31
53 72 196
32 71 768
76 35 55
20 44 909
19 73 247
95 72 549
76 2 442
3 80 922
39 38 997
19 71 33
3 1 292
93 2 983
75 9 653
51 33 118
18 8 156
76 73 847
82 17 911
24 82 445
20 88 656
7 5 370
47 45 96
89 26 196
76 42 418
47 56 309
23 57 302
3 32 441
70 23 498
22 21 775
24 92 150
40 86 181
72 31 564
70 38 510
56 58 13
99 78 139
7 22 50
45 69 243
32 30 636
42 63 666
66 44 620
44 11 226
32 60 398
64 58 921
34 45 527
13 73 454
31 47 974
10 63 131
86 62 820
36 36 469
74 12 707
52 79 706
11 87 714
80 95 63
62 94 495
23 75 808
35 94 646
57 80 549
71 74 617
57 18 259
43 9 112
2 25 647
7 57 687
51 92 425
15 94 609
97 5 237
11 15 728
75 97 268
9 72 492
15 81 841
55 10 992
41 14 407
16 57 347
25 80 948
12 70 524
67 94 929
90 64 603
42 87 112
90 65 712
32 63 504
44 50 193
63 16 326
38 73 439
72 16 986
42 24 774
0 37 921
51 66 538
97 46 119
58 17 705
96 99 922
92 96 860
33 18 882
52 65 820
23 32 149
37 59 109
53 84 194
91 40 353
15 82 971
22 98 693
69 5 83
75 46 437
40 51 384
71 16 427
25 79 194
51 88 77
12 96 191
74 30 254
22 73 489
75 32 928
13 74 381
89 3 220
52 28 727
25 64 868
49 80 827
87 14 632
27 39 179
60 6 629
76 76 768
93 46 472
72 20 409
50 86 980
84 40 797
73 94 472
46 8 253
75 16 988
70 79 394
67 66 216
89 35 912
34 19 234
91 85 1
75 3 613
59 0 609
67 39 948
65 42 536
29 78 790
81 54 93
49 12 426
11 67 660
58 55 53
67 91 57
1 87 293
23 49 364
32 29 280
90 9 926
19 95 597
69 63 444
77 18 704
33 47 598
81 29 151
52 31 107
37 24 746
63 83 62
1 66 550
85 72 678
80 87 939
49 71 340
27 31 761
51 86 13
48 14 81
92 60 179
94 4 317
2 4 518
99 38 847
28 5 820
58 51 171
25 20 944
73 76 432
49 43 342
83 57 940
7 40 355
25 54 504
69 91 113
53 42 731
62 73 150
82 83 487
55 60 407
8 62 60
73 49 784
51 83 423
7 9 187
29 88 756
59 50 426
94 71 847
67 4 870
28 26 425
70 85 596
61 85 176
29 91 903
64 46 594
70 58 319
29 83 511
77 23 3
49 62 897
8 92 475
13 16 340
28 98 21
25 72 792
22 89 169
50 5 674
22 42 287
49 70 321
32 96 875
15 59 311
37 28 929
25 49 123
46 51 42
7 13 862
6 23 112
98 3 633
23 93 215
98 20 907
0 21 843
40 33 172
95 36 894
45 29 463
39 49 801
40 19 307
28 51 488
49 64 444
14 90 190
82 63 25
27 99 71
93 49 818
16 74 496
65 95 664
8 50 959
79 47 154
16 23 5
22 39 580
14 70 523
4 62 107
79 0 983
32 59 739
25 88 420
84 84 531
45 6 33
51 1 891
25 91 793
8 58 239
23 7 627
51 8 83
28 62 11
89 95 702
5 55 252
50 65 670
50 54 967
33 6 322
83 69 928
99 70 61
23 26 49
92 59 129
28 74 242
53 95 132
13 22 15
21 85 283
97 93 714
4 9 0
16 39 659
13 2 11
47 83 354
43 96 79
23 73 765
12 0 59
20 47 53
42 3 288
76 18 791
34 98 875
43 64 209
5 40 235
37 71 370
13 54 881
7 78 175
22 37 411
72 33 737
49 49 631
12 39 895
75 23 835
45 34 708
67 36 585
27 1 497
95 71 247
31 20 112
17 22 966
40 46 657
21 21 5
22 47 108
29 37 688
65 37 586
77 57 986
22 2 791
76 4 679
49 25 677
54 89 377
67 71 103
86 26 594
29 33 603
81 53 224
47 23 548
56 52 871
47 31 802
69 51 205
87 46 958
86 37 325
77 67 156
19 66 9
19 30 564
13 61 479
87 15 509
35 83 796
92 11 470
91 18 219
48 8 397
42 99 817
4 30 340
37 35 811
17 81 988
70 27 114
32 66 224
60 4 556
83 68 446
60 44 862
63 19 938
80 96 116
23 45 839
65 49 177
54 3 498
97 6 513
79 15 840
72 81 501
83 12 690
16 28 703
8 30 410
98 40 392
71 18 420
21 1 74
73 45 842
46 24 965
45 64 721
66 69 76
62 0 853
58 66 990
67 76 516
44 67 624
45 8 693
74 89 186
9 90 462
79 49 408
27 29 348
96 72 404
24 62 291
27 7 676
99 68 271
81 65 28
87 16 284
52 87 332
68 41 263
55 83 424
94 92 54
54 43 351
97 71 612
62 8 462
4 68 978
3 81 676
82 34 658
87 41 163
49 22 141
49 72 440
55 12 681
26 15 527
33 52 579
11 70 912
71 35 710
48 94 940
73 52 863
66 48 473
38 2 783
54 48 468
24 23 574
20 80 854
15 54 407
96 51 202
69 87 76
73 26 274
18 48 214
28 42 115
18 19 78
69 92 758
20 73 92
16 83 143
85 34 394
97 85 148
60 47 943
61 50 682
10 25 771
16 36 677
61 89 195
10 5 967
41 18 185
60 27 631
68 43 225
77 62 638
84 33 800
65 56 827
88 25 890
14 10 405
76 12 975
98 89 941
64 22 781
29 80 397
35 85 67
51 3 365
88 48 790
12 11 846
5 90 172
75 48 149
27 71 529
45 10 381
28 44 936
86 17 643
56 32 800
43 93 667
25 12 823
28 90 449
99 18 497
96 16 898
44 4 798
3 70 714
10 60 691
42 7 796
62 47 527
83 60 664
11 6 738
39 89 940
74 67 648
60 30 12
88 65 992
6 5 528
2 53 995
76 31 173
14 81 669
13 23 710
75 55 470
81 38 507
62 56 450
57 37 214
58 52 547
8 39 997
70 21 650
68 96 544
96 6 234
48 65 426
51 56 578
6 51 879
36 53 860
22 95 533
66 86 578
87 9 774
96 0 851
98 92 220
24 67 844
67 48 721
90 31 200
73 22 290
37 9 820
74 33 463
55 45 453
11 33 315
84 86 104
13 4 694
4 76 820
3 9 815
0 98 73
1 45 999
24 9 838
98 65 506
86 86 594
56 54 35
53 61 688
13 94 91
40 14 416
89 76 253
83 44 786
74 85 59
85 37 946
52 78 202
71 65 10
45 52 416
65 68 130
46 72 133
32 15 553
82 43 674
7 93 604
13 0 824
27 62 379
54 63 997
17 71 15
3 72 704
94 3 908
51 90 168
55 31 874
36 29 135
33 30 793
84 93 253
55 70 24
17 98 319
1 15 364
41 21 401
47 79 685
67 53 813
10 20 763
30 85 902
88 97 539
24 87 316
29 49 171
73 29 223
74 99 144
97 99 139
41 63 456
2 46 83
21 0 274
41 45 265
97 83 360
18 96 212
95 23 485
44 62 799
42 11 457
16 17 474
43 48 739
74 52 550
69 99 7
23 29 892
21 4 670
46 57 91
67 45 706
19 12 374
26 34 194
41 26 192
44 41 303
66 81 657
69 56 749
64 11 596
41 60 158
62 81 638
46 44 138
50 16 4
14 80 563
29 41 876
7 11 740
33 26 739
24 29 600
92 48 557
77 99 768
32 94 616
47 76 330
84 88 323
65 8 486
68 82 583
26 97 810
80 94 984
59 8 817
87 61 123
66 89 646
92 99 390
2 84 956
54 50 185
76 53 569
75 36 35
85 27 430
45 21 760
63 39 744
75 44 785
9 24 529
54 10 279
22 22 702
49 57 780
39 17 743
93 61 215
2 66 739
81 91 637
71 28 790
97 2 594
54 81 55
16 93 830
65 5 13
99 92 563
17 97 116
76 71 846
29 9 399
65 67 192
73 20 29
1 0 687
30 61 711
3 91 165
54 85 481
33 33 990
91 0 684
82 97 747
30 5 604
84 32 363
56 12 686
89 17 864
15 56 607
21 35 489
66 58 97
56 41 768
56 56 981
60 36 7
5 11 289
10 3 843
28 32 74
14 29 239
27 0 374
91 30 376
64 48 423
37 70 631
34 8 282
86 70 410
20 0 905
3 23 45
97 24 40
56 34 490
29 74 618
97 34 88
75 12 295
36 39 885
9 15 303
75 27 69
47 65 294
57 5 487
55 97 19
79 89 454
84 41 857
94 70 40
36 18 179
71 95 521
4 24 781
96 54 277
40 62 491
31 11 807
7 61 816
50 53 409
46 18 240
27 89 772
2 69 596
32 28 765
78 96 984
56 86 190
55 85 557
53 49 925
81 71 782
25 19 1
23 81 249
71 84 581
75 95 370
20 20 354
98 7 79
32 86 419
23 65 968
58 44 193
35 16 554
46 96 126
7 66 935
56 87 677
64 13 711
34 91 752
5 51 44
11 65 826
91 41 933
37 31 871
2 45 712
29 70 101
58 20 308
43 18 129
82 38 279
5 17 211
96 56 352
41 24 56
52 95 233
68 32 478
16 15 928
92 97 500
34 14 134
49 81 145
26 76 122
43 89 648
19 43 453
87 42 157
88 90 753
85 69 831
27 64 165
41 13 981
21 38 488
59 35 464
40 4 456
78 71 598
13 12 424
42 95 623
48 39 388
69 2 627
68 69 393
55 77 621
62 13 107
55 6 312
92 0 621
55 18 915
44 90 292
47 98 884
45 59 563
80 76 554
65 48 651
2 10 196
62 89 890
80 83 990
28 35 175
0 6 101
31 48 547
85 60 188
93 96 322
82 13 210
56 96 875
85 81 345
70 61 950
65 55 470
43 33 145
43 51 612
65 54 669
42 69 60
65 76 813
11 13 206
67 85 992
98 10 340
42 94 329
94 14 913
36 65 52
9 73 368
96 8 788
1 81 838
50 50 986
66 63 472
54 0 867
50 96 643
31 71 861
54 82 322
56 16 346
51 23 948
18 86 257
49 11 774
96 65 668
79 27 241
28 93 578
20 93 656
66 21 879
47 81 880
9 61 906
17 37 518
9 54 59
90 86 692
57 12 342
7 82 636
47 39 100
87 75 517
75 99 707
26 96 966
26 14 165
42 43 209
67 3 908
86 72 702
10 80 943
88 38 900
31 18 663
62 58 310
62 92 770
32 79 483
20 51 312
15 27 263
78 21 306
35 1 318
78 64 261
53 38 258
19 70 189
83 66 159
18 82 340
14 85 679
3 24 908
70 60 285
78 22 522
2 91 868
26 9 864
96 60 438
85 58 461
66 2 408
64 91 382
76 27 732
0 69 747
0 41 856
99 32 813
95 83 983
61 66 19
18 64 712
95 32 167
50 18 563
26 82 923
78 50 550
17 1 958
41 43 82
97 76 292
14 54 3
1 41 257
14 98 972
54 61 667
48 93 468
0 65 302
95 26 838
77 84 641
11 40 663
33 73 210
52 90 105
89 79 581
75 72 921
74 87 910
66 92 595
81 0 223
79 45 423
14 74 699
8 43 187
77 38 624
81 60 18
81 93 514
21 18 89
52 56 408
2 9 305
30 15 412
42 80 916
88 64 503
10 76 769
32 9 449
0 45 223
26 21 144
74 48 191
76 45 255
30 55 246
7 36 554
53 23 201
74 22 224
89 59 253
90 39 497
24 74 265
83 83 441
44 60 273
4 38 932
37 98 124
37 51 807
10 68 987
1 24 47
69 76 465
12 28 964
1 73 682
24 86 219
80 48 813
92 76 226
96 80 88
33 38 316
66 49 350
48 66 807
44 70 510
49 84 667
35 63 126
58 67 513
11 49 236
94 54 357
52 2 514
15 60 300
82 37 403
73 81 835
4 2 611
81 20 961
44 63 157
65 89 139
97 84 644
58 94 665
86 68 192
89 10 326
7 39 349
99 2 257
81 72 750
32 23 795
60 73 359
26 44 727
33 71 176
99 44 476
90 62 952
57 68 238
37 78 923
95 2 966
69 64 761
67 25 814
28 80 595
17 44 46
45 20 669
15 96 216
45 60 527
87 22 938
71 78 629
78 57 32
89 64 333
68 90 21
18 60 505
29 47 779
12 45 614
6 33 15
73 30 393
92 53 586
78 26 421
29 89 44
86 35 52
85 73 686
39 71 259
91 26 315
73 35 128
45 53 950
6 68 790
7 63 170
18 33 267
3 15 95
66 3 548
56 23 495
4 83 417
61 19 611
54 8 809
11 74 641
16 18 263
96 30 109
14 39 49
83 70 808
88 14 694
14 14 731
69 97 690
87 81 921
95 24 507
31 6 732
89 56 0
76 25 254
60 90 679
64 84 316
44 13 215
80 41 966
58 40 810
19 42 773
85 98 44
87 28 136
32 49 68
76 60 0
79 61 876
0 18 445
57 64 479
58 0 59
16 58 761
62 60 790
98 14 166
22 70 13
74 96 490
65 23 211
38 72 195
91 48 304
6 46 297
23 74 102
55 65 375
58 26 85
89 28 219
36 52 711
50 57 898
2 17 134
74 74 3
36 88 736
35 49 566
11 35 839
64 89 991
82 95 803
18 16 86
95 73 526
25 29 871
58 10 538
88 40 908
47 29 884
64 90 178
70 84 511
15 42 659
27 67 492
60 12 371
87 47 725
40 24 897
28 97 707
96 48 900
21 79 421
18 68 105
67 59 632
17 92 617
43 26 709
91 88 536
31 76 422
45 30 663
97 74 398
16 86 541
94 52 319
45 81 86
10 39 252
2 78 462
19 48 547
43 1 861
83 50 404
15 68 696
47 93 441
41 59 589
68 2 944
62 10 183
7 96 252
5 13 136
57 32 405
43 95 231
9 20 9
40 17 266
65 17 545
54 74 929
45 58 559
56 51 999
0 11 999
10 84 217
21 91 791
79 79 591
71 36 428
48 43 79
71 34 478
21 45 160
99 53 54
37 90 724
28 68 185
18 46 563
78 69 347
36 42 440
66 28 776
75 89 97
10 22 608
80 29 577
74 64 806
55 76 822
47 95 67
70 41 165
22 5 159
62 61 581
44 57 770
82 20 43
44 73 945
78 16 646
60 88 788
95 19 390
24 72 536
43 20 141
2 29 736
18 0 948
59 83 892
4 11 652
66 10 44
47 49 878
76 20 630
25 87 540
49 3 121
75 29 16
62 65 347
15 15 984
52 33 13
74 29 611
80 4 199
45 99 434
0 80 928
90 51 784
49 59 933
97 68 273
49 66 762
31 49 327
15 13 837
59 6 346
28 94 76
51 32 224
44 58 502
69 2 486
66 36 438
84 66 609
70 47 550
3 90 909
39 40 792
64 49 993
84 81 912
40 85 776
81 68 325
68 21 540
26 64 660
93 98 796
97 29 868
77 8 944
91 65 981
33 85 518
71 59 689
88 19 287
7 53 662
65 62 769
5 15 171
72 36 725
46 74 854
70 77 960
91 15 174
93 44 180
23 46 86
4 61 119
49 52 859
19 23 861
86 98 831
44 16 611
1 91 158
40 67 417
74 51 921
77 64 510
30 17 160
13 31 473
41 51 545
11 25 483
65 11 182
26 12 946
20 67 994
45 39 384
73 6 634
1 18 84
12 99 751
12 41 876
37 68 567
45 25 821
17 67 655
36 76 391
53 43 978
71 13 697
76 70 465
49 31 441
54 35 54
37 56 668
8 66 954
69 46 820
27 91 792
37 52 323
21 88 876
81 24 86
47 60 597
83 36 382
12 36 305
26 22 385
12 88 128
19 26 858
40 32 48
49 99 141
91 49 816
38 97 943
10 34 926
98 5 920
19 14 584
24 88 901
59 76 881
96 97 548
76 87 984
81 11 996
30 66 840
12 75 354
16 13 356
47 94 347
52 38 846
56 26 53
7 77 979
47 55 311
17 39 57
47 58 761
22 83 307
6 62 168
34 49 605
95 60 357
46 27 850
31 2 577
84 87 302
36 81 598
29 81 119
82 81 742
99 26 397
91 52 357
34 89 338
16 64 347
72 57 234
22 82 180
85 13 25
69 36 514
3 96 619
38 6 100
13 25 796
29 52 172
84 7 755
11 41 802
45 93 842
3 26 443
92 87 942
46 63 748
89 32 133
98 41 294
83 47 955
84 47 717
77 37 507
41 54 774
80 61 546
74 58 112
70 97 998
34 29 41
7 98 920
85 21 212
5 2 854
18 94 69
70 87 128
15 55 589
89 84 845
39 39 782
98 43 492
78 89 403
36 30 19
13 81 323
85 56 701
96 3 646
0 47 538
25 68 605
77 40 574
4 51 113
70 83 876
68 45 641
83 81 879
87 53 717
26 98 755
39 56 72
24 96 848
25 45 394
45 95 257
7 38 173
51 99 179
82 73 889
17 26 801
40 10 854
84 77 39
40 2 149
40 69 189
90 18 902
72 15 338
43 14 835
83 29 112
51 0 305
33 37 990
55 26 990
47 13 302
75 49 457
11 23 655
40 8 608
16 31 731
64 33 128
21 70 883
54 1 589
97 37 193
77 90 950
81 6 114
51 37 770
12 14 694
45 75 374
14 44 576
99 98 118
90 19 556
20 34 211
75 41 312
23 86 230
82 94 770
30 26 297
4 56 947
24 43 791
49 34 275
10 87 961
33 59 305
65 35 639
73 24 668
98 13 243
13 36 655
59 40 269
40 72 603
96 38 554
0 27 569
76 14 954
2 47 342
79 13 4
14 82 441
47 27 696
79 38 362
87 43 961
79 82 360
86 58 953
97 55 853
61 47 127
13 41 387
96 17 218
56 43 237
39 87 162
17 49 10
9 95 529
52 14 330
88 34 384
45 63 573
23 91 219
90 80 96
11 54 14
45 48 407
19 85 627
75 59 721
53 14 661
52 18 519
28 34 264
77 68 322
95 61 217
65 38 483
86 14 966
63 84 788
65 28 770
46 45 112
62 76 592
79 81 318
33 24 691
40 55 119
12 6 931
62 79 49
27 55 995
32 32 402
94 83 181
27 74 196
45 24 882
44 93 359
92 3 720
12 27 888
89 5 174
69 88 251
40 71 673
29 12 237
69 85 22
41 23 274
44 45 966
1 28 694
26 26 125
92 94 94
16 5 927
35 28 154
9 21 323
92 49 998
93 23 466
61 11 701
87 34 465
20 39 936
99 95 597
7 51 294
36 34 739
64 62 153
58 38 376
82 53 313
86 80 682
35 0 683
96 21 889
70 52 160
65 75 345
29 20 240
64 71 283
6 95 837
45 57 152
28 25 726
71 25 553
83 26 650
11 5 991
87 38 796
55 43 599
55 93 764
57 46 406
92 13 460
41 31 601
2 40 860
22 90 178
4 43 272
24 79 128
89 6 464
69 50 329
65 46 361
50 66 729
13 68 122
63 7 825
88 70 477
26 86 40
63 88 894
42 57 93
10 11 400
97 57 452
31 61 225
8 73 649
10 35 22
26 89 12
74 82 480
38 47 848
88 52 615
40 97 491
44 47 46
14 68 356
90 17 652
42 61 319
72 91 482
86 88 77
29 2 873
42 38 864
78 56 336
37 37 437
93 64 418
53 58 94
66 9 605
74 79 874
24 81 939
31 44 931
31 94 1
99 43 557
15 29 666
57 42 218
35 70 256
4 5 403
94 44 663
47 72 376
60 54 552
34 65 9
33 72 95
84 18 10
83 48 642
37 0 525
7 30 709
55 35 510
47 26 42
1 40 898
87 6 545
68 36 694
81 88 457
84 38 148
2 64 533
47 75 450
38 46 772
35 76 876
56 39 877
55 61 893
10 78 406
58 69 117
65 34 166
50 10 74
35 23 427
76 67 128
21 75 322
72 10 287
23 95 542
40 73 756
46 66 922
89 31 859
26 41 133
14 50 762
46 56 181
87 19 156
98 73 290
57 66 647
93 47 671
20 42 563
42 75 317
49 85 219
24 66 669
37 38 604
6 58 440
87 58 130
95 70 208
43 47 255
40 48 731
15 2 392
24 52 344
82 15 828
27 75 592
14 96 273
4 90 410
35 96 959
45 35 497
9 40 617
18 57 764
93 57 864
51 68 416
89 58 801
42 76 335
55 37 29
41 87 559
8 99 363
95 44 718
56 4 411
8 12 145
68 29 487
40 5 111
59 4 530
55 27 616
77 15 878
80 20 543
93 21 8
67 38 168
0 62 575
12 19 378
76 82 641
82 96 67
58 91 464
97 49 770
94 97 749
26 31 878
34 1 598
50 48 215
10 42 314
63 17 139
63 32 224
23 37 640
49 20 715
99 4 456
20 85 153
14 52 936
1 23 712
92 61 255
85 59 620
38 42 172
53 78 47
31 97 911
10 27 748
66 60 204
57 38 523
91 69 51
94 20 716
40 3 175
56 50 876
8 51 592
59 64 235
46 80 395
81 30 127
45 83 5
95 54 764
16 82 669
55 82 814
71 55 422
37 87 317
58 81 229
51 61 563
31 52 880
17 69 502
51 43 854
17 63 312
47 71 451
1 51 236
79 80 628
39 16 354
80 19 476
37 80 462
62 31 334
16 71 880
47 50 203
24 27 407
38 58 373
20 1 742
66 6 565
20 30 996
55 25 597
82 3 254
72 40 881
63 13 831
72 47 252
82 26 392
16 67 600
3 69 245
87 17 272
73 34 496
89 77 296
80 82 621
8 1 45
63 33 521
39 99 313
0 61 122
27 79 334
40 20 513
30 27 412
31 63 139
77 91 27
9 49 405
54 25 311
63 38 935
60 83 180
20 24 501
34 88 854
46 90 942
77 82 844
13 47 154
7 26 166
90 40 566
81 55 633
7 32 503
29 23 115
13 86 891
22 25 115
64 77 581
65 91 740
46 86 282
