100 2475
84 75 429
8 87 786
29 76 306
23 14 259
19 91 651
64 54 455
10 56 607
31 58 818
39 65 412
71 15 867
25 49 865
10 77 307
8 91 592
0 61 604
55 25 258
75 10 106
82 73 361
30 75 73
98 65 968
83 7 96
65 72 981
32 73 723
82 56 78
54 70 177
75 80 387
98 71 390
88 73 620
76 58 202
22 38 424
25 85 633
88 27 769
4 79 844
34 0 778
57 38 780
75 36 344
6 54 638
5 30 499
57 80 802
45 19 776
9 16 529
76 28 625
35 53 623
4 7 16
40 85 501
90 32 542
51 19 75
94 8 58
74 16 356
79 91 235
86 84 886
86 98 726
58 67 644
40 18 674
83 41 814
1 2 794
23 24 707
44 44 476
33 14 87
79 81 576
75 41 445
21 8 479
73 75 129
79 17 353
40 3 505
12 50 844
6 20 24
8 5 264
32 96 133
38 77 991
91 10 831
41 64 809
16 15 358
23 70 312
8 22 398
45 84 843
7 16 125
64 41 25
0 74 230
99 28 19
83 97 870
32 43 512
82 93 738
54 9 355
29 93 169
8 48 895
18 50 440
84 45 722
86 31 206
8 33 777
26 38 439
59 12 389
21 52 876
0 65 168
92 76 370
76 37 574
46 75 530
50 51 357
94 82 350
45 81 676
98 61 425
19 3 271
25 75 64
69 15 674
52 66 601
89 80 38
7 84 378
94 7 995
9 30 379
5 35 273
55 64 735
38 25 327
84 62 863
46 44 791
61 93 356
69 6 271
88 4 654
5 57 155
21 62 137
18 7 758
33 63 698
66 99 419
76 38 608
76 31 131
20 63 988
50 24 938
2 31 261
8 20 465
42 30 246
65 48 628
2 86 381
76 19 962
56 78 642
55 41 217
67 95 124
65 83 499
61 28 545
62 59 493
78 96 1
73 67 665
68 89 288
22 91 791
13 16 197
3 34 396
3 6 80
81 92 96
3 53 724
11 83 129
19 81 604
4 15 238
96 86 617
49 48 262
61 19 344
99 16 417
19 78 80
58 32 881
13 38 728
28 65 813
74 91 40
29 23 58
62 66 118
21 85 89
77 72 999
35 87 355
58 37 591
11 55 751
18 75 275
17 89 572
99 44 383
49 61 20
11 5 269
44 29 890
37 62 716
19 39 282
89 49 559
10 58 802
45 57 864
72 54 804
24 3 618
64 18 435
2 36 739
73 48 129
36 55 1
44 14 986
86 67 600
70 0 140
92 38 601
5 42 337
64 59 485
57 23 250
64 8 660
52 61 705
16 20 137
97 63 61
71 5 339
24 6 862
12 7 369
26 34 224
61 9 956
5 61 876
33 56 139
3 83 780
61 99 437
77 1 953
64 64 350
3 27 490
83 79 479
67 55 515
94 29 160
75 6 177
13 82 838
20 22 3
80 77 690
43 50 619
84 92 279
63 12 145
28 3 753
92 55 842
69 47 170
21 29 201
69 75 638
90 83 976
52 32 945
45 92 294
26 76 664
22 6 983
36 46 329
25 46 573
57 46 215
98 35 29
32 86 249
1 81 861
76 25 132
27 80 820
89 33 249
82 21 749
88 21 255
11 77 360
84 21 948
7 25 733
41 83 976
59 18 298
57 2 672
79 87 890
55 94 73
51 46 164
37 78 620
87 14 348
55 26 692
93 31 365
97 21 579
22 61 490
83 40 9
50 63 687
71 33 360
37 72 568
58 70 890
40 36 879
1 62 922
89 61 350
94 57 122
59 38 525
55 65 641
33 62 597
52 14 282
74 13 76
22 30 545
45 49 181
15 83 246
46 79 875
67 50 902
48 30 50
96 97 455
44 47 900
17 90 736
50 96 304
57 8 722
60 60 261
45 53 297
58 57 435
14 66 904
16 44 204
21 82 412
96 24 764
92 74 638
22 85 352
36 64 7
42 95 968
57 86 840
78 50 430
89 60 860
11 15 139
19 60 993
42 4 808
43 40 492
85 51 852
29 87 878
47 90 836
28 75 116
89 67 2
75 84 356
44 79 451
60 2 149
4 93 288
73 31 502
97 13 841
20 15 366
11 76 156
79 41 682
3 69 141
46 66 524
5 34 638
30 5 942
85 92 672
27 12 972
4 2 430
38 45 782
58 4 674
19 58 936
2 47 398
46 45 137
76 43 899
1 12 376
93 95 658
56 46 485
79 22 479
23 59 570
34 73 92
19 10 272
27 10 741
7 76 84
14 54 204
61 16 528
7 46 545
75 42 673
77 19 896
1 27 156
67 72 96
66 62 458
51 54 512
76 79 452
76 8 772
27 14 391
16 77 348
71 32 189
77 34 272
34 2 125
16 43 673
62 69 145
73 33 557
77 6 529
15 16 922
59 56 702
95 16 438
68 46 726
10 44 475
53 98 470
29 36 873
12 15 819
14 65 476
81 7 647
82 3 550
0 94 57
92 11 163
61 18 995
33 12 580
81 51 562
97 86 17
20 92 522
22 71 457
91 55 165
67 36 138
30 66 973
74 14 858
69 83 160
40 20 959
17 48 630
16 70 556
67 31 759
42 93 222
67 43 878
19 92 946
21 19 116
71 48 995
42 60 591
7 27 319
62 17 727
10 73 168
93 91 499
25 18 598
81 33 55
82 6 787
52 26 20
91 15 911
46 3 665
71 68 263
91 93 132
22 86 252
97 31 616
10 34 725
50 21 839
72 30 141
32 22 429
93 42 955
83 82 712
57 68 608
63 29 737
75 58 485
60 59 849
74 63 965
16 96 552
64 26 115
83 44 654
46 4 752
15 10 664
81 96 75
52 34 155
67 53 167
55 66 449
85 80 391
81 48 341
91 77 462
50 23 967
19 47 274
12 88 238
86 34 593
94 77 101
71 43 431
26 45 301
7 56 458
32 18 204
62 7 554
86 53 108
20 11 483
32 8 451
7 90 355
76 47 507
22 63 733
29 27 129
51 0 639
3 87 725
37 17 826
16 78 137
8 78 704
0 14 521
31 40 159
40 35 781
16 6 472
25 61 347
80 86 725
24 16 221
95 91 114
22 44 515
21 72 778
63 75 953
63 74 113
21 48 518
80 98 947
55 98 45
52 16 444
7 95 843
16 56 365
76 69 172
16 85 433
2 30 465
40 52 867
67 93 456
59 28 113
73 52 486
61 20 145
0 87 288
82 85 293
64 50 738
12 26 51
96 20 10
4 13 655
72 43 45
57 37 319
34 17 482
70 36 731
9 34 486
1 7 626
16 22 396
48 13 847
77 85 454
42 84 361
17 60 286
12 39 176
15 82 139
1 41 213
49 35 969
18 68 86
66 42 16
12 10 877
79 25 473
28 37 218
84 22 109
97 0 638
54 17 923
75 54 479
38 32 690
29 62 565
67 29 574
46 15 14
65 67 738
85 9 208
94 85 852
94 2 407
45 26 13
34 87 353
56 52 425
62 52 324
91 96 421
31 62 317
79 31 885
21 2 647
73 35 573
76 57 763
59 4 343
85 90 726
9 13 214
60 10 752
28 70 602
45 56 221
99 9 596
91 60 634
5 73 700
78 65 461
97 32 840
66 63 187
76 12 659
86 66 547
91 45 375
87 76 608
70 58 451
5 77 836
79 99 634
89 12 450
81 99 205
89 36 247
95 45 887
6 50 188
43 47 905
0 17 115
13 33 136
90 86 438
65 6 87
32 66 881
65 77 969
48 32 41
57 28 210
57 4 725
33 7 687
50 13 43
53 96 694
81 23 793
62 37 502
47 69 781
40 82 387
38 82 642
48 5 292
8 93 562
53 11 962
32 99 494
83 42 548
22 40 235
37 4 327
85 98 645
21 27 405
43 62 816
1 67 334
76 40 472
60 40 348
86 49 185
29 11 626
16 48 431
53 33 910
9 28 677
99 65 428
74 48 463
64 34 258
13 35 450
68 5 617
98 56 595
21 53 101
79 38 150
15 53 791
87 70 985
39 6 943
37 14 661
90 2 640
68 98 168
27 2 694
62 74 396
10 59 615
56 84 504
96 74 362
23 63 836
85 32 714
29 70 330
53 43 393
79 77 930
31 72 760
49 40 226
39 43 291
14 93 207
61 4 468
66 8 761
72 74 391
40 93 379
5 58 891
16 61 919
83 87 735
91 51 286
31 14 626
99 48 617
58 48 833
38 30 562
78 55 459
89 89 830
9 69 503
56 90 194
15 35 809
20 31 376
96 36 577
21 22 976
74 37 265
84 26 841
0 12 488
78 82 77
49 30 68
77 20 403
45 20 6
15 41 841
22 59 562
11 10 660
55 67 828
65 73 390
8 65 416
66 47 289
6 89 524
80 97 239
45 66 948
96 89 482
26 13 376
4 14 582
42 18 551
76 44 71
72 35 858
67 13 582
11 82 756
97 82 441
13 18 53
94 3 197
25 15 584
70 45 530
1 53 835
24 30 406
41 37 978
7 12 313
99 70 279
6 82 822
14 19 717
21 40 608
50 4 21
12 23 412
90 28 843
2 22 776
33 71 289
79 30 838
24 80 860
52 76 127
70 56 157
45 15 841
49 39 95
32 4 768
25 0 910
38 42 337
50 16 503
69 42 628
34 50 449
55 49 402
81 42 65
53 84 399
55 70 377
39 55 61
86 38 292
18 34 822
60 32 428
92 6 982
43 10 449
61 91 271
23 66 303
60 62 205
90 14 629
13 59 80
28 22 742
85 54 163
92 4 965
6 26 348
89 64 448
30 99 392
87 84 601
21 98 547
26 72 897
62 51 354
88 30 851
42 53 169
7 13 513
41 92 287
85 77 306
74 99 658
98 36 245
6 49 102
96 1 489
79 39 675
63 56 245
80 83 611
17 77 205
89 13 140
41 97 453
97 14 281
53 14 790
23 51 916
31 48 111
55 29 636
4 38 949
97 3 885
19 31 376
96 42 431
50 81 79
79 64 233
98 87 529
88 97 163
57 87 615
23 73 517
12 9 489
12 0 833
31 52 299
92 7 389
62 26 577
2 33 977
6 6 655
79 93 455
90 22 719
39 4 579
32 32 462
1 4 780
28 9 870
41 7 941
23 0 467
61 6 763
22 18 534
58 50 70
42 78 745
39 51 224
6 16 167
43 11 954
1 33 691
69 45 549
75 57 660
89 56 207
95 44 824
86 81 295
70 61 741
89 24 463
81 13 215
35 95 700
45 64 740
55 54 454
53 87 236
84 95 907
40 67 708
32 59 846
50 98 656
28 80 476
51 45 175
59 55 384
2 66 367
53 55 465
40 61 686
37 38 117
59 1 861
7 67 204
58 43 894
12 32 934
19 28 474
70 18 947
65 76 689
74 4 272
83 30 48
57 88 225
23 68 465
25 72 603
88 23 402
97 77 782
35 44 276
38 26 877
27 25 655
26 95 153
53 0 59
66 43 514
66 85 791
28 39 52
86 44 197
17 5 910
11 93 820
25 23 641
1 35 516
49 50 958
21 30 684
46 90 867
77 69 573
25 53 242
73 51 349
24 39 367
16 53 357
74 33 343
30 67 2
44 16 684
84 42 106
26 25 205
5 29 317
37 74 833
40 88 960
80 51 852
31 12 268
25 97 414
58 65 469
70 82 492
83 94 833
50 91 628
7 19 686
73 40 892
82 18 44
11 16 928
72 27 314
34 19 385
4 74 531
95 34 493
67 65 942
10 89 19
10 22 613
92 27 130
84 64 163
52 54 621
25 12 995
30 83 84
9 82 349
13 63 660
58 87 303
34 35 581
67 9 765
47 61 337
3 93 737
86 80 612
10 32 912
77 90 1
63 97 670
23 99 758
27 71 176
51 91 596
89 53 283
93 48 805
29 79 924
49 56 124
86 16 939
89 45 719
2 72 547
65 70 224
94 93 349
88 99 346
59 77 22
90 87 17
88 52 682
15 93 478
65 49 767
39 38 61
36 24 573
3 7 651
25 32 588
76 5 58
20 95 450
18 86 324
77 83 527
50 49 524
74 65 187
94 46 572
65 47 922
25 80 290
21 23 344
81 52 927
62 28 935
14 58 517
74 26 719
57 40 60
77 26 445
18 66 98
97 83 605
62 48 385
3 17 601
54 97 882
99 87 707
77 96 598
63 44 156
88 40 448
15 73 371
79 23 911
84 84 145
97 92 338
9 93 196
10 11 755
67 69 394
96 56 371
6 22 468
18 35 914
12 17 171
79 45 55
60 71 189
50 22 343
13 3 958
11 20 8
83 93 819
37 57 345
75 48 495
25 58 16
18 63 188
72 47 696
60 63 219
19 35 823
7 55 496
70 5 429
68 53 860
45 47 88
62 42 443
63 46 882
76 59 344
16 51 158
19 19 488
88 67 508
36 52 274
11 33 37
33 78 920
42 6 550
81 30 688
52 85 782
7 62 939
56 43 663
22 54 455
45 54 793
32 10 134
63 18 790
5 99 515
76 20 633
32 76 181
29 83 748
73 70 595
48 86 660
51 6 218
61 26 410
30 87 115
73 58 658
41 75 94
93 56 972
81 55 459
48 95 1
40 12 574
64 81 990
42 49 648
8 3 189
65 5 97
86 85 662
10 78 650
61 71 405
50 6 905
81 27 578
25 9 221
73 13 363
83 47 473
38 67 427
28 4 123
57 79 35
71 45 357
68 90 401
75 15 993
40 58 928
45 29 471
7 18 648
61 5 649
47 56 218
63 8 904
64 61 130
51 40 768
51 64 852
62 4 365
19 18 143
58 1 447
6 73 589
79 95 221
30 6 178
12 96 967
37 23 629
20 74 55
93 36 541
23 56 376
58 25 730
26 10 24
2 41 80
68 50 579
39 39 539
35 77 700
34 26 605
38 5 832
22 34 812
19 1 836
88 71 895
65 90 786
70 63 74
12 13 57
25 51 868
3 22 289
80 12 961
25 67 56
85 14 176
31 82 943
38 87 772
70 41 607
76 94 611
39 25 624
25 50 252
10 94 678
27 97 326
88 14 795
34 71 220
57 90 704
33 36 857
84 85 845
15 72 36
9 98 715
65 63 992
58 62 175
9 57 85
94 91 510
62 73 446
59 82 990
49 1 964
99 2 418
5 45 618
64 16 491
86 4 145
56 50 564
49 0 81
23 38 132
14 43 665
98 92 353
48 43 564
89 28 243
70 39 138
34 6 66
1 68 131
95 75 469
46 19 663
85 86 650
17 25 777
44 48 460
40 51 292
82 9 182
74 67 938
36 59 664
75 25 84
1 21 900
26 59 409
19 12 27
92 19 665
32 77 581
45 1 439
93 75 684
9 41 763
92 95 359
26 49 376
35 19 935
57 51 492
33 97 638
46 23 199
9 79 242
39 94 74
61 35 115
37 97 469
22 10 794
30 46 22
93 4 320
0 76 766
92 70 982
8 1 229
45 95 178
87 44 804
37 37 124
82 92 829
5 79 415
25 16 119
78 59 818
15 12 137
92 43 65
29 20 357
23 80 215
47 13 63
89 17 619
11 51 685
2 50 987
75 21 986
93 96 323
46 96 674
92 99 76
99 23 427
8 19 953
96 66 982
8 25 362
47 76 205
10 31 838
24 74 532
10 57 396
50 92 921
87 11 200
94 9 355
20 97 540
47 23 630
45 78 549
41 49 607
31 0 544
66 92 165
74 82 53
96 33 49
73 50 115
42 11 659
26 84 180
42 67 554
17 40 651
15 86 416
78 18 583
32 52 299
75 29 418
18 59 912
22 22 383
87 66 408
21 6 242
75 71 847
44 3 435
15 74 734
33 53 757
64 95 273
1 85 891
73 7 554
37 9 147
47 70 610
64 0 562
72 14 819
4 97 39
37 5 979
65 13 618
15 21 314
74 62 547
48 98 222
39 60 838
13 41 153
46 26 738
65 25 155
61 23 548
93 10 649
62 68 381
52 67 979
43 17 457
84 51 240
32 72 714
39 47 557
83 19 481
92 72 170
91 90 522
34 15 463
45 36 574
63 73 302
52 78 602
79 94 767
71 91 280
72 22 492
2 74 204
85 21 825
73 46 286
64 13 854
24 14 822
44 59 195
33 18 419
29 35 213
18 73 554
70 72 343
86 17 468
70 31 236
49 60 623
55 90 864
15 88 416
62 43 450
94 44 216
61 49 129
34 88 17
55 7 475
53 74 827
42 90 442
1 59 970
29 47 247
46 24 908
40 99 947
48 62 113
72 60 616
1 49 58
83 21 677
11 65 958
65 4 541
51 53 97
75 2 119
30 88 276
12 71 4
23 23 682
4 11 630
70 44 623
31 74 823
66 22 824
81 18 457
6 45 966
37 61 349
62 72 387
54 16 995
55 39 370
26 68 228
65 0 634
66 24 361
37 33 63
1 51 821
45 22 388
94 83 53
19 21 378
26 51 321
10 71 919
71 67 20
60 95 284
50 59 610
40 81 500
61 67 965
33 28 981
25 26 284
2 82 418
14 6 163
89 34 460
59 47 588
11 66 626
50 40 909
80 46 78
93 77 289
63 49 211
23 46 842
92 66 611
56 55 83
93 37 398
63 54 258
70 84 473
79 69 881
35 60 875
68 1 291
43 97 651
22 36 102
45 42 549
28 50 617
33 73 338
63 60 766
83 78 980
22 66 57
93 85 414
77 32 837
25 74 753
4 54 95
70 26 814
6 42 464
60 72 127
46 46 981
76 82 790
92 47 472
18 57 415
82 53 927
49 12 504
43 27 219
33 32 635
80 42 205
71 29 941
13 71 645
77 76 703
20 44 871
67 88 357
46 83 535
75 0 317
55 35 887
44 23 861
94 86 758
85 45 375
43 37 163
64 73 656
81 56 423
44 0 42
3 50 18
95 90 553
73 65 625
71 1 321
62 35 265
37 94 95
29 18 58
65 52 479
30 59 22
50 64 242
41 34 830
73 76 184
31 78 244
59 8 29
65 35 613
44 64 617
52 15 295
11 61 51
67 78 252
15 60 335
61 95 17
74 95 366
72 31 479
39 22 629
58 34 6
37 42 565
30 35 237
89 9 146
36 60 621
11 52 14
78 49 523
18 93 426
7 15 984
83 26 772
3 21 77
59 62 995
87 97 413
6 3 338
35 11 434
77 10 98
42 26 549
11 72 816
5 1 687
68 36 358
61 76 996
69 48 421
35 61 703
44 88 509
57 55 290
13 85 757
82 74 664
99 83 5
85 40 153
72 95 948
91 92 697
17 85 622
30 95 623
85 97 892
84 91 298
13 52 893
39 46 494
66 2 34
75 4 228
41 61 747
73 20 458
44 5 703
33 66 378
29 7 480
64 19 978
34 82 462
86 26 656
27 39 673
7 45 714
24 59 768
92 32 539
18 33 273
2 89 752
0 32 88
90 92 880
88 28 726
94 74 949
83 86 435
66 41 257
49 53 410
29 10 470
27 11 495
33 49 565
54 43 629
34 90 531
25 94 760
85 91 246
5 4 25
11 47 487
6 88 214
84 0 392
61 43 526
62 5 224
3 86 698
41 6 793
49 87 927
9 39 137
0 89 258
8 63 948
97 33 492
65 46 254
60 76 147
86 13 265
5 0 16
15 65 351
50 19 382
16 60 930
81 90 821
45 0 152
95 29 253
63 77 647
49 10 694
57 12 360
61 45 503
81 5 154
97 16 125
19 29 712
95 2 578
38 70 233
8 80 774
16 57 807
26 91 689
42 5 801
34 76 43
9 73 258
51 56 205
77 67 360
14 95 473
37 81 569
64 87 464
44 24 997
9 54 674
71 61 95
59 57 23
43 52 523
35 25 356
63 42 370
77 37 991
63 80 867
71 60 641
7 58 668
97 35 100
29 16 297
6 37 216
32 25 256
14 53 877
74 8 769
80 79 876
17 74 200
69 81 547
17 72 187
27 75 979
47 85 630
42 27 234
75 16 397
31 32 713
39 32 353
52 23 857
99 4 663
86 2 701
29 13 690
79 60 919
66 30 652
0 1 172
98 96 448
98 22 494
59 60 743
45 60 44
4 28 887
93 14 547
37 70 868
82 26 867
91 9 848
68 18 190
92 61 448
30 50 321
86 56 325
45 87 695
82 52 803
41 57 18
71 26 219
27 84 425
8 15 580
62 92 0
64 58 404
23 20 571
33 43 821
2 87 785
87 46 956
6 34 380
5 93 368
47 74 948
96 93 885
48 71 407
65 11 921
81 80 537
97 40 942
56 72 678
6 55 438
99 12 745
30 90 185
89 37 323
0 5 268
54 34 314
93 68 700
92 58 228
20 3 652
51 76 32
48 19 471
66 58 910
24 66 877
1 5 752
10 63 271
15 77 694
34 75 195
9 56 646
58 91 82
92 15 291
91 26 176
5 15 570
74 58 100
50 44 991
1 69 681
46 95 461
87 36 576
59 39 583
63 33 44
46 29 618
73 22 563
81 40 185
96 77 200
21 66 410
98 29 581
17 31 229
70 64 637
66 40 559
59 13 817
57 62 942
89 25 773
66 54 590
14 3 566
13 25 883
48 91 314
24 23 878
45 76 54
51 50 392
94 73 130
88 75 941
18 13 47
89 62 90
80 58 656
77 22 981
36 37 936
87 23 699
34 46 124
59 65 937
46 57 621
89 48 977
67 40 117
97 47 398
10 29 646
94 32 950
81 0 629
98 32 136
0 78 133
77 95 819
61 12 397
80 60 82
47 40 678
88 79 853
83 76 987
62 29 450
43 30 755
3 62 612
58 74 825
18 4 27
68 81 79
91 18 49
94 45 791
86 7 588
36 16 259
10 28 912
90 71 987
1 47 529
88 24 40
29 46 534
56 20 991
21 76 360
80 36 452
0 37 828
9 8 235
15 58 926
7 10 415
50 73 396
54 22 404
80 28 770
23 42 864
58 35 819
72 44 205
66 18 426
65 38 115
80 18 503
27 40 245
93 76 285
28 38 917
75 31 739
82 54 817
70 54 432
89 52 515
89 6 984
49 58 131
80 37 44
30 72 343
4 50 501
68 9 754
39 76 255
31 45 268
21 81 18
62 22 427
66 97 89
33 22 396
74 71 481
13 24 888
60 14 82
16 55 215
41 88 509
13 99 751
41 30 610
24 35 534
35 98 63
95 14 877
41 27 432
38 8 849
93 24 926
15 47 348
37 27 214
28 21 437
21 11 846
72 86 627
78 71 852
62 81 881
7 83 309
11 64 645
78 95 444
59 50 194
6 47 545
50 88 5
61 52 870
12 91 901
10 79 229
54 67 583
88 96 5
46 89 821
83 37 918
59 35 490
4 66 345
34 11 741
64 85 224
36 17 972
54 12 629
86 11 944
68 83 326
78 41 693
1 30 843
74 41 182
64 43 481
57 53 105
67 59 342
68 14 665
22 46 623
36 36 519
20 75 720
63 14 281
76 87 392
8 64 143
16 67 677
73 27 980
37 75 909
64 76 948
52 36 615
32 94 338
48 48 273
7 38 229
72 11 667
27 62 367
78 15 68
20 23 922
27 92 260
9 23 810
14 21 341
1 61 380
51 35 325
66 71 93
73 8 23
29 31 557
49 28 700
24 15 77
96 87 247
27 49 401
87 55 685
36 0 691
40 16 165
42 3 685
49 93 228
13 4 12
61 73 857
8 98 511
90 60 775
57 16 70
35 4 23
62 47 718
40 5 562
2 34 795
92 40 509
37 82 371
38 2 620
15 63 875
35 62 963
22 97 455
56 5 970
36 38 356
95 3 612
66 1 135
59 61 874
11 38 485
83 14 444
44 50 604
39 62 874
96 75 843
93 60 866
15 15 439
61 34 546
55 8 643
30 89 976
47 42 13
33 58 703
16 23 648
65 44 888
87 48 415
91 1 289
62 87 335
30 82 568
52 12 916
65 81 150
51 61 913
65 57 320
1 92 866
94 48 319
47 33 920
50 84 44
50 71 59
64 38 452
96 51 437
43 64 581
25 65 940
36 26 131
74 78 360
54 86 52
11 95 596
97 59 838
12 33 146
0 50 233
47 77 194
45 77 374
45 55 79
61 31 200
97 2 318
48 85 537
91 85 960
96 70 925
29 32 828
73 89 219
73 19 151
70 53 25
34 49 535
11 56 652
91 29 915
27 9 884
29 95 114
47 31 509
95 80 350
72 5 925
85 10 860
67 83 281
49 78 461
67 90 352
16 36 277
28 40 473
39 73 231
56 15 183
42 9 291
32 81 664
1 52 769
27 8 36
57 95 721
94 53 600
60 37 601
91 4 621
66 57 42
49 80 723
74 49 529
26 53 664
90 23 273
82 59 14
37 54 631
53 9 352
64 78 29
41 26 403
81 65 913
10 5 864
58 16 291
30 69 78
26 24 982
0 52 95
89 58 451
61 64 98
69 98 722
78 31 517
82 98 472
16 90 956
17 96 42
19 33 117
37 11 305
27 90 719
54 85 384
61 96 219
88 56 389
89 8 105
85 1 9
31 88 967
48 89 391
5 68 317
51 75 597
72 64 593
35 1 581
95 69 338
3 76 621
33 46 614
58 99 478
96 79 572
97 17 604
83 24 484
36 88 421
8 52 897
76 76 903
54 26 451
88 93 584
18 26 142
19 96 870
57 50 924
75 18 398
8 38 851
24 92 311
54 63 470
24 60 488
48 65 971
69 59 784
83 61 982
20 6 342
6 81 520
39 79 141
46 81 534
97 23 197
60 98 974
19 72 987
81 84 224
2 46 663
15 22 302
82 22 476
86 62 284
20 46 964
28 74 462
33 42 107
13 62 992
48 42 71
35 21 55
14 80 169
11 6 760
64 53 707
89 42 718
37 65 440
18 80 750
86 25 703
35 84 878
42 73 224
30 41 802
20 78 847
70 16 758
94 98 576
51 1 853
45 33 36
49 31 158
72 17 807
86 12 98
87 0 222
38 58 415
29 24 411
37 16 94
69 12 441
44 81 771
23 6 513
34 86 473
11 34 189
69 85 138
58 10 358
77 66 124
52 81 586
95 6 623
72 28 572
62 50 733
91 98 660
36 96 266
48 18 553
19 84 889
49 8 114
31 95 742
44 97 236
65 65 313
31 31 549
8 55 477
62 76 561
56 81 80
23 2 238
18 28 779
64 28 550
22 41 771
24 75 689
75 78 264
11 91 166
65 96 761
22 68 681
72 50 521
70 60 326
91 14 468
85 74 323
59 67 336
99 80 413
50 28 408
50 10 390
38 48 818
13 45 409
55 27 956
27 89 978
33 99 521
91 46 216
48 29 798
35 41 905
50 54 827
13 43 75
65 62 843
54 76 763
63 57 595
53 25 585
94 95 471
94 99 30
72 9 126
32 65 883
75 50 609
95 49 213
82 46 136
13 84 739
20 82 42
23 52 695
89 96 311
98 23 242
93 41 431
52 29 692
17 67 783
26 67 985
12 37 165
16 10 219
70 81 375
38 84 480
59 23 420
30 96 430
33 86 52
87 98 325
63 51 190
61 78 658
45 24 268
55 89 902
22 83 641
82 7 745
11 12 942
30 43 154
94 20 322
70 43 34
1 26 391
56 13 893
59 54 308
83 68 107
85 65 551
64 56 898
31 59 314
70 15 573
45 90 117
84 43 557
54 78 929
10 60 552
44 49 648
91 2 369
79 35 969
32 27 585
60 75 479
42 48 551
88 12 989
75 65 872
31 33 258
39 54 592
62 31 799
77 24 270
32 92 882
14 4 916
50 50 593
90 37 983
71 7 414
38 92 660
27 26 490
67 81 187
87 13 751
15 17 564
33 11 669
62 6 379
18 85 94
8 2 68
96 80 671
73 69 714
16 4 364
3 56 840
16 89 170
21 21 857
49 86 322
99 52 982
72 76 421
20 90 847
72 45 762
86 65 664
21 33 470
98 90 160
5 28 444
68 85 154
13 88 387
80 25 413
51 44 700
63 1 286
80 20 228
49 88 660
77 0 276
36 90 541
62 12 317
13 79 969
43 16 62
53 45 688
81 36 202
95 28 197
62 32 181
40 34 328
49 57 771
47 15 133
44 74 460
28 82 626
70 1 770
64 91 485
17 9 638
2 68 127
78 81 378
10 50 606
34 44 71
65 28 58
15 98 545
23 18 542
5 91 137
73 81 962
14 42 505
74 57 607
73 29 739
10 99 450
97 56 251
21 83 586
3 67 88
37 58 663
5 38 708
8 46 172
8 30 396
84 9 258
8 57 525
2 7 656
45 13 59
1 94 38
61 39 61
47 45 319
95 98 492
66 68 956
29 55 985
78 66 478
83 56 187
67 1 924
89 82 254
5 24 846
98 38 470
9 38 13
48 11 765
34 37 729
65 3 306
7 71 857
7 89 960
99 54 379
96 95 927
94 30 818
38 12 237
21 94 31
6 97 9
96 14 241
70 87 824
93 25 131
84 41 807
13 0 305
1 23 660
95 53 550
34 81 345
18 38 751
41 48 709
71 59 608
99 24 765
90 9 140
55 14 247
61 92 338
26 19 930
42 12 685
70 28 723
17 33 791
11 13 472
71 70 778
87 27 395
3 88 827
91 17 679
2 16 797
68 70 818
8 56 106
14 8 943
84 18 766
64 42 169
93 22 964
18 5 799
90 76 612
37 18 79
46 92 263
65 84 802
51 5 294
68 66 809
42 54 829
47 39 182
96 81 602
96 18 210
22 42 880
46 5 334
68 7 156
35 16 92
32 11 194
97 8 426
29 28 539
52 39 711
62 0 745
19 38 341
13 54 568
85 43 33
62 21 634
39 80 119
5 63 632
7 96 702
55 59 173
12 82 916
19 53 708
19 87 441
68 57 745
51 7 284
75 13 463
52 63 683
93 34 760
76 36 99
72 49 959
74 34 43
3 9 374
42 99 851
27 7 847
74 20 782
44 45 558
53 26 400
71 23 323
6 74 0
3 95 173
65 21 532
6 99 501
35 18 708
68 52 555
92 69 484
91 54 640
44 33 224
63 2 647
43 67 555
49 89 26
6 86 492
42 38 810
9 14 957
68 62 30
65 19 316
4 88 429
61 80 653
22 43 370
73 38 635
92 64 894
37 56 98
48 1 310
98 57 305
27 28 529
24 67 696
14 62 862
60 50 200
89 54 916
3 89 915
67 6 858
94 37 556
74 64 29
10 75 240
5 12 171
92 36 689
99 18 151
63 23 830
60 25 216
26 31 384
54 73 521
9 53 514
45 67 65
84 12 92
71 3 793
15 45 91
98 37 852
56 82 1
12 93 2
47 78 397
52 42 261
87 81 422
17 44 713
28 2 953
52 95 555
8 47 21
20 52 29
9 72 660
45 63 912
36 19 264
17 78 232
2 37 814
57 82 16
6 91 518
73 41 208
52 69 69
3 96 806
98 43 421
63 63 235
59 84 987
77 36 258
75 20 338
36 70 842
31 38 821
90 66 423
94 58 662
24 81 676
68 87 93
10 41 564
59 68 42
33 30 910
90 78 370
36 53 953
55 0 326
42 55 345
89 7 261
88 7 404
28 83 414
47 52 76
92 34 519
25 59 76
97 20 30
92 54 99
20 61 177
9 7 325
42 68 287
48 31 855
95 10 676
95 60 781
29 75 698
40 25 592
38 98 778
93 3 462
53 15 548
67 46 888
71 71 203
27 3 124
62 13 154
20 48 89
70 71 420
4 25 760
35 73 694
25 41 458
46 93 492
59 66 77
72 41 882
53 67 461
91 52 73
91 13 307
31 98 420
33 88 492
11 67 114
38 40 859
32 74 346
59 41 957
22 82 605
55 50 978
19 82 672
39 59 274
50 52 780
26 56 56
33 93 335
18 54 549
14 39 11
29 97 562
15 49 655
1 84 100
42 92 149
17 20 78
83 29 312
18 30 977
15 56 47
43 22 71
91 40 317
9 76 950
51 81 284
56 70 458
38 55 186
41 89 46
31 46 650
66 29 216
44 27 383
52 45 102
84 47 885
83 99 347
71 35 549
60 11 717
0 91 146
57 70 974
72 12 119
79 42 697
42 31 934
88 82 712
63 93 404
26 92 212
36 79 407
37 84 496
94 21 404
76 23 846
99 63 283
68 65 855
50 17 368
88 8 828
91 24 327
59 89 330
91 83 447
93 7 314
17 73 98
12 45 735
54 47 822
38 65 628
5 27 243
80 45 585
16 9 983
10 39 354
72 18 639
81 72 519
13 51 533
52 5 677
42 76 527
14 68 281
25 13 486
86 48 820
7 39 289
88 42 484
70 37 537
66 34 299
76 98 438
0 59 935
51 67 714
26 55 958
80 55 60
71 10 302
69 58 347
5 82 442
20 99 132
82 79 640
19 55 492
78 5 477
35 54 885
22 57 668
26 73 166
52 77 279
97 30 778
98 10 840
14 38 612
65 98 392
15 59 713
27 82 164
26 36 219
0 9 139
95 59 229
20 32 603
23 32 499
73 18 730
57 29 62
51 69 692
79 61 86
16 8 772
2 78 23
35 15 56
95 65 912
37 80 428
27 64 0
67 99 460
39 50 295
17 61 627
13 32 13
73 78 305
44 77 36
22 75 456
42 41 126
39 8 137
97 93 618
59 99 918
91 53 399
87 20 140
90 40 766
71 47 823
33 61 578
38 60 268
83 57 784
2 18 256
73 42 412
71 42 149
25 5 64
45 83 444
52 83 837
48 46 776
49 97 731
90 17 437
77 74 531
89 92 538
58 95 200
23 45 639
33 4 992
11 8 720
36 5 285
16 66 574
77 77 43
27 20 669
89 18 768
38 66 35
86 30 972
91 58 679
44 36 834
51 38 707
