100 2475
70 83 243
26 51 855
27 26 724
31 13 683
46 76 350
18 30 838
53 64 472
95 42 41
21 81 320
98 45 433
15 42 897
9 85 661
12 85 960
56 93 121
98 7 21
61 41 815
93 82 776
11 76 437
26 79 668
41 47 983
85 78 667
61 45 945
54 1 150
48 80 391
6 16 442
41 99 987
43 68 870
9 40 111
35 2 137
13 94 825
54 63 47
12 39 553
23 44 477
24 46 942
99 15 910
50 8 574
31 76 248
36 64 454
95 82 799
61 5 783
87 97 800
47 88 192
69 41 276
24 96 832
74 87 12
3 48 339
88 82 74
34 83 249
56 4 871
83 9 787
75 12 302
40 57 543
96 29 434
47 86 78
37 88 960
67 59 970
39 9 412
0 64 353
99 84 406
33 82 544
57 34 469
85 45 952
84 67 835
37 46 761
14 21 675
68 36 805
23 26 41
36 37 76
71 90 76
68 59 704
67 13 869
13 89 593
29 22 661
62 4 400
26 9 593
18 92 496
89 31 754
58 0 480
98 54 151
97 73 730
42 11 975
32 81 733
49 53 988
86 8 853
59 56 861
32 34 567
51 14 11
70 67 277
45 78 536
2 21 285
91 16 83
8 73 329
92 84 344
85 89 526
21 89 179
78 43 443
0 7 166
21 61 380
57 25 237
43 50 540
11 14 481
31 12 963
40 27 296
52 49 423
20 39 882
89 12 82
50 20 817
92 91 636
86 4 500
98 65 177
69 62 892
75 45 704
30 21 975
75 54 956
12 99 735
13 60 258
6 53 350
42 58 957
27 96 0
27 74 912
3 78 271
59 61 544
1 43 144
67 85 826
33 59 210
14 33 499
83 30 487
21 39 615
16 61 629
15 63 628
68 92 393
92 87 767
30 11 616
28 48 711
76 37 321
25 54 56
47 6 324
7 96 663
13 86 228
78 88 453
21 4 833
49 25 700
59 23 169
39 6 451
81 13 343
59 27 158
64 7 863
90 85 13
64 92 572
92 57 737
21 2 783
59 5 842
42 57 887
20 38 609
23 64 604
38 63 76
3 74 484
94 8 694
44 8 327
20 5 52
15 77 329
55 49 995
91 70 719
32 72 772
77 93 904
15 6 372
26 69 952
26 78 877
11 77 741
32 53 982
27 60 114
67 49 594
53 70 305
30 80 195
26 18 14
4 47 852
74 13 208
41 92 836
49 57 700
45 83 127
62 17 400
79 40 497
81 26 912
30 50 100
5 3 82
68 10 751
20 43 326
44 21 103
95 72 85
68 5 345
70 22 194
84 19 203
69 3 721
12 81 258
44 40 965
36 79 20
27 58 201
68 99 242
30 93 284
89 64 334
32 70 468
84 76 742
77 82 843
81 53 692
70 55 669
6 29 980
45 9 386
29 20 83
34 69 513
11 16 511
84 91 190
34 25 823
27 50 976
57 16 7
75 10 866
16 80 853
52 26 599
91 2 36
63 60 951
71 9 378
96 1 438
29 80 91
84 17 746
92 26 811
57 97 309
63 18 914
10 73 196
75 68 959
57 49 171
84 4 561
56 22 647
63 0 242
9 11 729
52 52 833
89 45 863
66 97 595
97 42 252
66 1 785
16 85 942
55 33 455
4 63 626
63 72 957
91 17 52
76 19 238
52 39 183
33 25 905
99 28 287
37 72 30
57 40 375
46 92 15
70 37 199
61 69 590
31 65 701
95 90 980
30 20 869
74 99 685
16 83 253
18 47 553
85 7 324
15 33 716
11 96 911
10 96 137
60 0 295
40 6 481
26 49 333
28 76 6
96 20 397
99 41 62
54 13 814
55 83 440
98 53 730
62 80 576
73 41 499
61 58 976
35 44 552
49 74 27
96 8 634
63 20 241
5 69 277
24 12 694
46 40 393
91 10 567
24 92 798
91 72 410
84 48 772
65 15 933
47 36 844
0 83 1
25 74 834
59 39 185
69 59 733
50 13 940
28 93 556
83 12 490
90 15 645
92 47 764
80 94 511
6 97 965
7 6 982
52 34 373
28 87 388
97 94 491
9 37 262
14 14 424
17 18 437
3 13 158
89 84 264
27 35 759
48 23 451
27 71 237
1 59 101
54 97 742
23 81 829
61 83 526
21 32 323
61 12 655
10 97 51
27 65 44
61 99 878
55 13 534
17 23 147
73 90 449
6 57 422
66 38 654
49 26 210
58 38 780
82 59 809
67 46 635
87 17 79
52 88 974
68 79 930
25 56 489
4 68 973
74 41 49
52 32 978
14 86 36
55 84 399
95 3 353
32 8 77
79 12 986
67 17 489
58 17 223
23 17 951
15 8 901
77 24 140
85 95 51
97 66 895
3 56 197
93 5 904
22 12 282
59 30 877
99 30 588
39 15 712
81 59 704
44 20 168
80 43 403
81 89 714
43 16 807
65 41 827
24 39 773
42 80 206
33 23 321
37 5 169
78 21 586
2 19 841
88 18 705
59 20 477
16 48 55
59 77 930
76 54 200
15 31 422
69 93 475
6 18 572
40 92 470
92 71 946
39 95 964
80 93 740
69 95 790
60 66 179
40 81 515
18 88 973
45 74 791
49 90 671
8 99 373
84 33 402
74 97 568
7 25 827
3 99 946
61 53 411
66 8 244
93 81 666
5 51 387
58 11 715
22 74 782
9 27 634
98 96 287
37 83 465
26 80 389
50 65 824
46 97 183
19 22 229
23 24 595
0 62 813
88 73 443
21 15 565
43 18 586
90 23 904
6 86 91
51 33 327
84 21 719
59 15 149
25 62 145
69 73 865
9 14 588
31 98 253
98 22 622
0 70 208
12 7 984
59 75 31
77 99 724
92 46 918
76 0 705
39 58 688
56 55 284
95 57 246
26 33 461
19 36 575
70 39 201
25 50 588
93 55 972
6 31 475
13 18 724
32 7 312
47 99 457
21 96 536
90 67 321
31 31 531
61 98 659
22 34 799
35 52 505
58 62 21
7 61 999
52 98 93
6 61 768
61 1 693
80 18 95
62 76 79
32 89 442
78 63 706
28 33 616
4 58 260
64 38 393
79 31 513
72 73 448
8 72 19
41 6 873
64 23 864
89 99 950
13 56 318
74 49 152
83 39 226
52 24 198
25 52 814
1 11 583
53 2 851
64 41 732
20 51 192
57 61 758
89 28 38
69 5 113
17 90 304
95 48 263
87 91 293
48 79 652
36 49 845
27 0 816
7 9 304
80 14 146
88 46 997
83 28 534
94 2 129
21 83 920
55 42 466
97 57 824
22 31 54
10 51 831
54 36 108
98 74 626
21 60 216
91 57 97
74 69 200
82 74 643
23 15 59
47 20 451
68 22 457
73 18 728
48 71 639
26 13 155
80 8 461
30 23 617
10 48 695
0 20 780
61 62 19
66 7 556
4 89 735
25 89 191
83 40 779
24 14 632
55 2 50
49 40 443
14 53 551
39 73 133
74 95 60
95 2 144
30 97 520
64 72 874
88 70 828
31 14 928
59 98 939
14 58 150
43 87 302
49 56 78
62 89 637
94 31 162
92 86 576
46 49 291
87 58 875
39 19 958
65 1 283
90 94 950
21 18 263
81 8 443
15 18 4
68 27 668
32 35 936
68 49 105
89 75 291
90 77 616
6 84 121
29 61 849
84 80 19
45 84 636
69 67 980
28 99 373
55 9 203
90 90 560
22 42 231
17 29 310
45 5 396
94 52 913
30 77 351
48 51 814
54 15 547
86 93 558
9 84 892
9 2 646
35 23 464
2 0 918
87 81 542
49 77 210
5 61 584
47 44 670
43 89 902
10 56 764
84 88 48
47 78 425
97 98 46
73 59 461
11 66 794
30 30 256
55 53 101
69 83 475
38 55 804
14 51 244
7 14 917
62 78 686
32 93 382
51 42 160
0 12 559
4 48 653
91 25 821
79 42 372
62 87 650
77 1 121
25 30 190
54 71 455
87 44 703
49 83 247
63 12 452
54 11 173
66 66 552
36 58 179
12 74 156
26 83 585
14 99 921
8 3 323
32 3 104
25 4 803
11 26 967
57 1 81
13 6 427
5 33 693
60 62 32
33 80 37
95 28 196
23 42 658
70 33 226
56 91 105
39 75 774
89 29 32
70 78 472
64 35 870
87 53 367
54 4 64
9 49 530
17 27 175
77 75 591
18 21 19
12 94 652
68 34 332
53 29 467
95 75 534
14 75 234
8 54 698
17 84 969
90 78 992
14 25 713
32 12 80
39 38 726
13 33 499
28 24 9
47 15 181
60 76 494
7 41 1
19 66 1
37 92 743
96 9 260
25 20 216
24 44 395
80 55 726
96 71 210
88 80 985
82 67 714
34 95 146
68 50 570
72 36 85
82 94 688
0 54 610
81 30 766
37 24 216
36 90 636
79 85 486
13 10 709
35 15 658
9 82 539
53 19 431
65 80 182
7 98 515
95 1 214
66 71 676
18 75 665
7 17 383
51 70 413
44 77 344
96 30 188
69 43 346
10 82 946
93 64 786
51 85 331
91 23 125
63 98 144
40 98 12
76 93 571
69 42 617
23 87 412
46 77 113
60 73 703
73 86 243
81 99 908
33 97 192
90 0 548
11 41 576
55 27 863
57 36 973
50 9 578
76 48 842
89 93 885
2 84 105
83 7 236
49 4 499
81 80 904
22 93 735
49 36 714
55 69 897
76 8 114
96 50 754
80 20 516
26 53 850
12 96 577
73 66 806
0 11 945
13 28 1
33 46 816
25 24 260
63 38 928
19 15 553
24 22 935
24 35 618
91 53 541
47 96 218
66 72 742
38 2 521
71 35 424
77 32 113
5 52 549
40 50 807
72 51 515
2 39 252
13 66 614
32 98 816
80 12 762
57 67 846
41 28 575
4 96 329
39 17 863
62 1 423
59 21 210
95 91 661
57 15 910
14 73 960
81 15 919
76 58 658
15 48 374
36 75 100
76 78 988
66 5 294
56 11 937
31 1 210
55 45 731
56 99 725
54 98 829
76 26 330
85 96 365
77 6 494
10 69 235
74 86 637
95 5 757
58 47 687
16 95 159
15 16 234
33 96 231
0 6 957
83 49 440
42 40 182
81 62 330
16 98 280
33 86 611
15 97 523
44 76 723
12 82 910
50 2 155
73 98 843
81 50 540
35 97 879
35 33 163
58 3 86
19 75 629
77 31 376
71 52 838
67 92 258
59 29 792
21 38 715
9 71 814
59 69 75
46 7 650
95 56 375
4 99 939
10 19 515
75 42 97
72 43 291
22 18 422
45 19 770
56 10 704
35 8 56
65 24 143
48 41 225
83 0 283
17 41 559
6 51 723
58 26 91
99 50 607
29 17 184
68 51 849
48 69 229
83 83 88
70 65 524
96 66 591
65 27 31
18 42 400
44 83 765
10 11 64
93 79 859
56 59 422
0 75 548
79 35 16
12 73 821
45 95 397
43 2 795
3 47 618
29 12 67
71 1 719
70 1 748
93 69 721
0 36 486
84 99 393
52 74 168
50 24 22
96 59 417
33 73 928
68 75 652
99 4 937
20 30 969
16 20 276
36 11 225
99 96 555
86 75 637
97 50 986
37 2 562
3 42 674
61 47 880
81 46 664
68 67 851
19 62 94
76 55 268
70 84 468
29 82 703
88 34 619
44 78 344
70 79 334
55 93 146
3 58 704
16 65 941
45 54 88
68 97 633
98 23 671
10 58 181
36 84 354
6 87 718
9 38 189
69 81 988
97 76 770
85 1 960
84 84 724
79 60 868
47 82 538
42 97 145
50 43 878
36 13 539
42 70 972
12 1 713
92 73 164
69 22 983
12 42 172
61 17 91
94 55 64
57 63 692
1 40 860
8 48 37
94 0 384
78 93 828
1 58 117
10 44 958
19 14 747
87 52 41
71 2 979
10 99 507
5 16 160
29 30 527
28 81 106
96 75 497
63 84 804
59 51 428
41 23 88
84 75 402
68 26 292
42 82 443
97 54 899
27 33 889
73 35 548
85 29 503
79 72 860
38 74 840
94 99 318
1 67 101
35 27 139
79 25 540
48 44 231
7 1 437
57 44 300
97 70 462
83 19 270
59 52 562
39 60 866
27 47 820
44 90 957
96 65 295
59 35 714
99 80 145
13 80 45
24 47 603
32 57 27
35 3 58
83 66 916
90 10 784
79 1 548
72 18 42
19 21 122
26 29 688
64 78 790
86 31 465
5 27 180
21 6 353
38 56 243
53 98 95
10 67 128
53 11 635
2 27 942
58 78 854
40 3 666
38 14 990
82 8 573
87 49 33
43 6 741
17 36 312
10 75 324
7 52 695
25 73 358
69 60 887
99 31 923
72 7 236
90 39 221
56 13 131
40 23 723
15 37 857
22 53 692
95 46 592
25 35 284
19 95 698
43 79 661
41 53 538
37 16 570
25 97 480
34 64 279
4 74 401
92 51 25
19 67 543
7 73 320
10 40 391
17 34 117
41 33 219
51 27 633
67 84 471
1 80 239
60 29 558
59 44 998
6 40 416
31 66 932
94 78 605
19 90 628
65 49 561
18 55 784
57 23 755
33 61 248
0 95 238
73 64 730
36 41 645
79 93 189
70 23 180
41 3 49
23 69 631
41 24 629
14 2 33
29 47 760
26 20 374
91 27 163
31 96 519
25 66 653
97 96 232
82 83 128
7 21 819
12 70 200
21 64 721
37 27 445
9 26 416
40 89 937
62 10 990
50 82 976
62 32 152
79 4 594
11 44 406
38 49 265
48 1 549
48 17 783
42 2 823
74 94 30
52 67 460
5 4 746
46 32 775
39 54 277
85 3 668
90 63 371
45 85 92
16 6 179
26 92 925
74 57 112
54 57 957
61 80 810
33 67 836
58 99 425
38 60 425
98 52 519
36 56 5
76 96 582
66 19 976
73 30 836
84 62 457
36 80 853
34 67 337
34 49 115
7 51 674
49 0 606
28 85 787
69 90 956
55 4 876
32 97 720
47 3 312
8 25 368
28 46 438
5 96 162
0 85 430
1 47 255
78 66 128
12 41 90
37 68 7
97 35 37
44 19 70
34 92 1
81 23 795
75 67 548
47 95 270
85 68 643
28 56 299
84 27 966
6 78 447
87 12 121
92 31 505
84 82 129
16 0 714
98 38 481
44 44 750
92 98 591
55 0 76
96 64 727
55 86 36
57 39 670
53 85 588
88 24 941
51 23 773
64 25 101
33 93 522
62 19 529
71 26 162
14 19 0
92 39 496
87 80 590
83 36 520
55 58 830
56 49 965
60 4 501
91 42 128
50 72 56
75 20 998
76 18 924
41 81 550
36 20 908
12 62 815
46 58 599
23 38 587
41 65 761
66 86 867
44 96 94
55 89 366
74 19 853
34 12 792
70 13 343
49 64 272
53 57 334
82 7 758
35 83 101
27 62 975
69 53 574
54 54 937
58 57 864
71 16 285
74 34 746
71 97 660
71 93 566
58 40 760
52 42 523
66 46 48
91 68 146
15 15 725
14 45 438
27 28 221
41 5 196
51 65 553
45 39 57
70 88 119
50 28 961
26 70 640
1 6 62
29 29 316
32 94 812
25 33 0
96 14 12
94 4 197
38 33 68
14 36 216
98 3 156
87 47 483
42 96 631
48 65 437
16 37 329
36 69 11
99 73 807
60 43 781
60 71 380
96 86 836
56 25 259
35 68 535
52 27 982
71 54 864
29 92 865
27 95 953
14 83 78
15 73 161
98 76 698
24 68 900
72 62 93
16 41 310
45 58 615
55 77 909
0 34 943
74 77 22
93 41 530
72 97 989
33 44 525
73 42 539
27 25 679
62 26 883
11 97 768
79 10 345
75 18 580
39 83 592
33 26 953
5 37 553
79 75 998
10 94 162
69 33 910
86 24 729
78 83 757
50 23 636
84 24 646
14 98 366
61 10 746
45 48 782
10 10 552
85 20 68
37 61 984
52 63 168
76 97 433
7 33 980
9 67 361
64 85 708
57 96 205
67 31 967
98 34 226
45 99 349
2 47 511
58 48 242
91 12 880
52 51 658
29 31 923
42 65 26
47 63 236
95 6 855
7 78 227
79 39 937
20 46 468
33 77 309
76 67 161
30 7 65
81 45 156
95 66 304
44 68 620
63 41 680
35 50 877
34 63 9
48 73 21
23 12 980
92 99 380
61 13 845
46 38 532
50 85 129
73 77 462
94 53 949
40 51 766
50 68 160
97 62 882
20 65 775
79 6 362
62 91 370
37 19 71
54 82 756
3 4 188
29 2 389
46 25 734
71 57 91
62 13 441
26 14 21
65 9 643
92 40 398
10 54 611
14 74 365
82 10 96
94 49 994
91 62 582
39 13 40
55 16 970
70 44 268
85 74 533
49 89 195
34 56 295
65 3 170
5 68 278
74 55 629
92 50 111
92 55 608
34 8 901
31 94 98
73 92 331
32 47 483
39 59 206
12 30 91
97 52 43
14 31 226
66 95 788
95 13 161
28 78 988
46 91 379
23 33 386
0 99 227
13 22 713
56 63 508
10 68 863
4 88 406
35 43 832
31 69 379
18 0 879
77 54 620
81 25 664
72 6 255
32 27 950
53 0 32
43 14 913
82 71 832
74 0 832
94 81 528
80 9 124
88 95 563
7 12 767
20 28 835
22 19 181
15 17 603
26 21 676
56 34 53
63 52 821
93 14 948
70 31 65
64 86 24
30 41 988
97 91 784
10 47 358
75 52 925
26 12 727
45 43 480
69 96 866
60 21 755
74 81 630
85 58 347
53 43 124
5 93 470
33 74 832
73 49 34
43 11 330
97 9 67
7 83 498
14 4 734
77 12 857
10 64 746
40 52 317
52 70 689
6 39 878
3 28 453
80 3 887
95 29 244
14 77 139
98 18 240
47 51 822
63 46 401
10 71 717
33 13 985
90 16 271
96 54 50
42 8 854
83 74 889
51 44 429
83 55 521
59 93 694
84 15 235
37 23 64
97 34 465
83 5 975
68 0 276
19 63 202
50 34 499
26 52 544
8 78 436
86 30 626
98 55 997
29 45 217
78 23 379
0 47 666
1 84 760
96 63 97
96 94 286
19 94 915
93 26 737
44 33 700
59 33 276
22 16 387
3 88 898
3 10 560
33 54 772
58 69 917
75 60 136
72 0 641
66 84 1
28 98 258
77 53 208
3 27 538
78 98 464
2 58 23
3 21 285
32 51 983
65 58 672
8 49 502
89 86 613
38 0 585
23 60 299
84 43 416
29 5 653
18 54 585
39 62 396
12 54 538
31 11 849
89 21 712
21 57 464
91 59 807
25 28 855
55 64 965
14 15 497
14 1 327
43 36 46
76 5 528
64 90 673
88 37 318
93 45 219
20 77 991
62 86 84
21 9 584
81 92 412
6 65 943
49 6 313
23 32 706
67 88 576
57 0 276
80 81 857
86 73 84
91 46 702
47 33 564
77 74 536
73 32 765
69 7 21
30 16 64
52 43 171
84 54 535
82 18 163
48 22 60
68 54 602
20 10 652
2 55 825
16 62 512
91 98 344
76 46 841
53 90 358
10 80 679
66 32 0
10 91 946
44 34 690
33 19 144
90 59 834
82 12 701
53 18 838
19 99 876
74 61 677
26 0 323
13 36 554
10 88 183
17 38 511
70 16 763
31 48 158
40 10 249
74 58 587
5 85 417
68 93 333
10 87 262
33 34 257
48 25 647
38 87 438
85 86 900
0 39 876
34 68 82
66 12 621
2 18 189
7 77 663
53 3 824
50 51 641
32 40 421
48 50 553
95 63 512
6 44 390
63 63 309
59 85 123
59 66 66
34 74 557
79 52 585
32 66 246
13 73 696
28 69 418
46 35 303
37 86 186
33 68 516
3 25 439
85 44 224
26 1 452
4 20 892
75 2 38
45 18 59
47 45 543
64 9 563
94 19 12
25 7 40
14 29 718
73 65 809
47 92 899
79 49 578
93 27 176
43 3 101
30 46 536
51 39 816
17 48 460
19 52 113
28 2 143
23 78 270
60 10 159
53 94 599
44 17 938
37 66 742
71 70 195
26 56 426
93 23 281
50 54 668
47 7 538
1 91 15
69 24 902
36 47 962
78 52 315
35 16 21
98 44 800
13 25 536
49 44 395
45 96 667
59 94 355
12 93 248
77 62 352
50 60 857
42 79 533
83 95 233
37 30 545
72 47 424
65 83 50
27 73 746
90 40 337
65 11 853
14 10 220
29 97 705
41 74 630
22 50 844
46 12 485
94 35 908
44 3 28
80 70 425
52 16 7
73 95 887
48 39 703
96 67 860
78 73 670
90 33 286
77 39 992
0 1 718
9 45 498
94 29 813
11 79 751
93 0 734
85 80 699
37 56 341
93 9 258
47 53 257
75 72 840
15 32 977
16 94 308
86 86 241
38 99 721
67 55 978
49 51 57
95 98 380
68 16 341
92 32 104
34 93 560
51 94 112
14 81 997
66 13 922
5 88 201
31 93 149
41 25 442
32 37 999
87 68 385
60 38 811
18 63 996
66 80 676
11 72 716
12 95 901
39 30 461
69 82 976
26 15 258
73 28 238
36 52 413
73 23 255
2 36 172
93 84 122
30 62 894
7 99 603
21 52 407
27 32 160
46 85 986
28 54 937
48 97 818
40 59 190
17 44 443
25 55 922
60 95 149
81 67 804
34 52 107
84 68 584
17 67 266
75 58 366
60 84 813
42 17 548
4 57 0
95 97 92
57 33 203
58 94 197
1 36 813
92 23 107
50 97 1
82 87 83
41 83 667
70 2 345
52 85 697
11 54 580
81 16 158
89 97 412
55 56 679
58 97 174
32 79 428
89 40 716
97 16 815
49 95 326
11 83 541
72 19 786
86 92 446
71 27 351
58 74 5
42 7 552
71 98 582
60 50 511
69 17 496
84 9 387
68 81 398
20 1 582
87 27 68
24 27 318
42 71 209
14 91 32
70 64 868
66 93 344
28 71 877
76 81 461
56 85 908
94 84 384
56 47 814
20 3 494
9 46 232
41 16 791
89 37 931
33 3 954
18 16 362
26 72 374
75 17 312
51 64 577
64 75 475
39 23 522
95 39 949
75 11 88
21 82 841
56 75 148
1 30 719
59 96 206
63 4 721
2 44 373
90 6 622
10 5 886
81 76 286
30 88 802
98 79 998
31 85 485
83 33 722
68 35 236
90 72 297
59 17 174
88 64 548
79 2 379
78 78 396
23 1 828
71 53 506
99 11 843
37 59 64
27 92 480
30 59 841
81 65 62
12 26 876
5 63 867
69 94 818
29 10 524
92 83 769
45 47 332
91 29 79
69 63 80
44 26 414
93 28 525
66 26 262
49 49 956
7 79 660
59 18 747
49 35 220
87 83 784
94 67 155
21 19 749
34 71 5
5 73 718
16 10 686
77 45 791
76 59 27
83 47 745
60 13 373
21 65 463
17 92 813
18 11 623
95 22 713
37 48 790
8 87 137
58 18 100
48 68 508
96 13 98
62 8 100
71 58 233
17 98 473
88 58 484
38 13 248
19 91 764
31 21 698
89 88 445
14 5 999
49 16 152
64 65 601
79 19 654
71 80 616
58 5 200
43 67 632
75 56 599
93 33 375
60 3 736
9 98 220
99 45 847
80 79 497
20 78 900
23 76 38
2 93 701
5 32 775
93 92 268
55 63 260
23 77 894
12 57 698
13 5 504
2 56 808
27 87 992
41 97 104
31 78 400
74 42 542
76 99 214
14 9 285
32 18 775
39 70 595
56 88 829
84 95 301
71 10 753
68 9 820
48 19 134
20 26 624
63 26 145
72 26 140
6 64 931
63 25 743
23 0 80
39 71 450
0 44 382
44 43 446
65 50 346
2 15 754
97 59 968
27 17 42
30 52 994
73 96 466
12 37 536
87 66 844
30 48 449
7 20 207
47 59 621
80 31 405
22 71 323
94 45 672
19 55 700
85 41 764
58 12 386
92 41 570
86 3 125
83 98 94
53 91 862
54 40 70
8 95 451
83 15 734
78 39 645
84 7 296
1 24 298
85 54 813
89 8 551
68 8 217
18 6 941
33 71 538
46 83 356
39 35 479
91 9 272
45 12 52
72 85 257
28 14 146
96 88 731
0 68 303
81 60 577
39 8 433
24 54 944
23 25 69
25 68 840
38 83 542
50 58 854
81 24 439
8 40 29
54 77 847
86 56 670
95 40 564
45 90 593
17 52 622
67 44 605
36 85 912
75 78 186
26 48 11
5 67 67
70 99 312
30 61 564
85 19 808
57 80 35
66 45 77
83 72 826
56 43 773
47 18 508
57 27 967
71 68 897
65 75 28
0 21 463
4 12 211
98 9 686
18 45 351
37 76 809
80 68 951
66 92 640
94 28 281
8 85 786
45 36 165
46 11 368
37 62 17
80 96 151
69 80 150
33 17 672
14 28 429
66 99 797
8 91 696
78 99 881
59 58 566
5 29 262
30 60 458
22 20 777
10 2 192
54 65 680
80 0 543
19 19 116
54 7 261
82 98 924
99 82 41
51 45 761
89 77 522
80 10 452
34 61 576
1 81 505
76 1 657
19 23 648
33 53 699
75 88 419
78 49 232
62 62 418
42 37 509
28 41 923
65 57 737
73 82 912
24 99 83
15 7 372
65 91 195
44 54 34
14 64 101
4 10 306
55 11 305
74 78 260
82 42 794
85 81 460
23 11 553
77 97 397
65 35 520
92 28 209
77 46 631
91 54 888
41 70 484
12 72 11
97 82 322
27 19 691
18 49 350
3 59 689
24 56 574
49 63 14
33 18 449
58 36 953
65 95 955
47 66 102
55 96 377
34 2 445
1 15 799
53 26 881
16 44 621
93 93 740
50 37 767
74 35 524
22 58 711
59 54 964
30 68 171
0 74 555
12 49 352
43 45 126
31 60 826
93 47 673
68 37 1
62 42 859
17 40 706
87 72 425
25 51 831
94 60 349
20 90 36
94 37 139
32 44 590
6 10 824
51 49 999
56 5 346
69 85 897
61 74 561
97 8 692
97 53 228
56 39 616
4 98 615
62 34 753
91 88 339
6 38 43
77 41 138
45 4 514
28 31 748
53 55 821
76 94 289
44 79 404
18 53 765
11 65 420
64 71 903
71 43 91
3 18 268
82 54 920
7 50 136
74 18 375
98 57 374
30 70 106
14 3 560
13 43 721
37 67 260
9 51 758
35 22 956
21 55 355
83 27 436
63 62 227
71 49 109
72 17 665
44 0 158
34 97 178
30 5 505
36 7 58
4 40 221
56 71 653
53 65 4
49 81 483
73 45 153
81 72 601
8 90 639
68 91 149
81 2 858
4 29 382
89 67 927
7 27 717
38 82 143
61 90 319
4 25 417
59 24 589
67 42 463
69 97 893
54 83 972
91 66 185
7 72 23
32 16 496
75 80 990
50 19 667
91 73 429
45 15 415
47 64 307
87 1 82
53 76 755
32 20 959
32 91 651
91 94 232
95 25 48
65 40 11
11 34 323
99 59 939
14 39 691
37 87 626
1 26 71
24 76 78
56 33 921
53 22 575
96 68 182
67 7 984
31 41 297
40 2 876
49 3 630
65 71 669
19 46 772
93 77 264
47 43 456
3 52 915
88 79 827
73 14 546
0 13 598
90 87 791
24 94 123
47 55 461
59 71 876
98 88 832
88 44 852
82 43 727
87 36 517
43 33 860
13 9 994
2 60 237
50 7 87
51 86 129
18 87 51
98 56 344
93 88 265
2 59 462
60 19 930
57 37 125
42 24 659
35 61 619
10 6 930
75 95 217
98 51 238
60 12 534
97 80 38
90 99 315
61 24 198
53 33 383
65 54 648
57 42 598
76 84 76
44 7 182
69 74 673
32 84 390
82 20 616
88 68 251
12 65 784
32 9 890
93 29 726
79 77 125
26 30 53
41 54 171
10 52 440
93 20 982
18 23 656
66 70 380
42 74 901
11 18 942
92 67 213
84 46 185
88 40 431
63 49 103
38 47 282
43 22 68
96 16 331
92 33 865
57 11 581
80 57 934
41 42 692
77 71 743
22 21 663
91 39 210
89 6 648
90 79 128
35 80 812
72 82 480
64 55 871
7 62 426
86 45 159
19 78 800
75 50 600
72 1 580
13 83 873
53 44 981
39 82 230
9 55 410
45 44 434
60 35 228
34 89 282
2 54 454
33 38 451
75 93 468
72 15 650
58 72 364
43 7 26
6 35 567
77 23 691
53 35 14
5 20 71
28 42 33
33 51 979
38 36 128
74 72 14
75 5 816
21 30 1
54 5 983
45 20 702
75 14 573
61 85 528
25 46 125
73 33 785
66 90 145
82 64 617
2 14 536
38 44 452
86 44 323
89 95 688
74 96 4
0 51 49
56 42 97
76 61 945
73 84 533
47 2 747
69 98 404
36 44 708
61 72 776
86 55 641
83 78 793
71 71 263
10 45 628
31 84 606
61 82 548
99 70 410
94 14 893
34 54 656
57 48 327
75 22 216
69 84 464
36 2 86
82 13 227
5 12 324
47 22 102
30 29 743
81 78 790
52 4 722
61 11 746
83 77 680
21 67 877
88 65 519
62 56 340
79 66 438
79 7 763
68 39 819
30 42 547
13 48 253
78 82 219
62 61 613
4 83 934
59 53 272
39 94 162
92 97 687
49 87 187
35 49 97
80 19 671
2 4 883
31 15 836
81 1 202
10 60 455
11 2 605
82 4 590
27 81 61
8 75 100
0 57 235
37 8 786
85 83 80
61 71 773
47 17 18
21 68 185
5 56 29
41 11 883
72 11 579
71 41 980
77 72 968
76 68 179
29 81 758
26 39 233
59 40 10
83 3 927
80 40 148
83 59 644
53 77 637
64 79 265
18 80 298
60 40 5
74 28 113
19 81 387
81 52 373
30 99 973
64 96 78
54 74 392
81 79 568
87 16 511
91 95 609
33 2 798
90 81 621
87 29 596
61 37 348
21 85 8
54 72 771
62 96 270
87 31 857
3 80 70
85 98 196
30 84 625
91 43 48
80 78 471
77 86 82
25 49 87
63 23 713
3 77 802
17 66 411
18 85 163
93 95 658
69 4 336
44 73 594
48 21 527
48 8 268
52 78 934
50 87 631
67 45 537
90 25 907
31 32 202
93 22 41
18 4 443
75 53 605
46 72 723
96 77 314
48 76 394
46 78 836
29 44 45
48 61 475
11 78 409
18 25 646
29 83 188
76 41 314
62 63 270
44 87 53
41 34 641
47 41 737
3 40 44
82 38 874
90 50 370
48 87 40
28 26 730
66 69 223
47 8 782
61 15 229
28 44 964
8 9 140
55 79 577
28 13 722
77 83 440
73 61 585
7 81 53
47 28 583
24 70 667
84 45 734
66 47 602
8 82 993
38 94 796
34 94 103
6 90 614
67 0 484
41 49 681
41 64 228
13 95 15
35 94 116
53 87 817
33 91 631
69 46 95
35 7 665
80 49 33
27 2 662
37 10 489
19 98 220
26 62 34
97 26 258
13 32 116
15 89 92
30 56 658
87 71 121
38 53 141
11 63 22
62 47 113
18 66 977
61 55 57
99 20 684
97 3 831
98 69 110
21 20 114
95 35 652
31 9 563
74 22 910
63 5 545
2 61 148
0 78 927
14 67 553
87 13 885
60 70 403
81 29 386
49 24 630
19 20 883
57 70 667
19 5 117
87 95 59
35 36 966
17 46 750
52 50 210
6 15 661
67 54 792
77 14 695
56 17 785
32 17 953
87 37 169
99 21 450
12 92 133
3 84 450
29 71 502
97 12 758
9 83 646
16 12 428
71 13 733
30 65 825
0 50 207
57 98 519
24 82 848
33 28 211
84 81 122
77 91 695
49 47 856
89 18 752
19 6 314
81 10 171
40 37 459
26 97 543
33 60 425
69 34 244
48 40 937
70 29 672
74 36 147
44 70 64
33 89 371
7 53 782
59 31 586
44 57 39
50 55 996
0 96 8
16 58 827
32 68 109
36 51 244
77 61 918
8 69 656
19 7 736
17 13 490
95 27 593
77 65 455
32 49 468
6 55 706
68 77 347
64 29 75
52 36 613
37 1 311
36 12 280
71 20 921
53 95 109
27 55 153
4 38 717
42 38 452
95 23 438
44 64 794
46 69 336
24 48 644
31 20 369
84 77 589
57 2 720
99 0 901
34 36 128
49 20 288
98 43 470
26 67 972
80 80 560
53 79 619
3 51 203
53 41 543
70 61 739
58 8 137
12 83 348
89 2 716
54 45 724
76 3 174
71 33 690
94 68 889
8 67 852
91 8 585
51 74 958
1 69 206
88 92 804
0 45 4
84 49 309
46 1 760
1 35 523
92 27 721
89 89 944
57 82 718
85 18 682
47 83 590
35 79 343
84 51 937
31 64 325
78 44 124
17 83 925
50 75 327
84 6 149
45 77 300
59 68 583
85 16 744
14 20 724
99 26 754
44 75 561
26 27 381
5 19 832
54 46 182
62 45 770
32 99 573
67 1 74
53 56 112
32 54 761
65 26 385
38 75 817
64 80 620
46 95 902
21 97 970
9 65 730
31 62 622
80 87 702
95 59 905
55 66 147
2 86 391
9 58 177
98 92 663
14 85 623
28 22 216
85 21 773
27 39 333
47 57 956
22 33 133
90 65 952
20 58 838
78 14 867
83 93 141
94 43 714
