100 2475
18 90 971
81 3 983
72 94 911
79 19 572
18 89 691
65 42 219
58 75 993
16 66 777
7 37 89
59 57 841
51 71 184
55 16 268
62 77 790
22 49 620
17 55 395
15 7 354
47 97 854
92 84 459
80 32 569
20 84 526
80 43 718
7 84 805
39 87 12
42 57 269
46 87 107
94 31 695
97 86 605
62 52 915
42 29 336
55 62 355
48 62 162
50 6 804
38 26 527
42 75 635
93 81 37
76 80 157
65 26 403
84 49 286
13 31 758
13 34 451
39 13 429
79 26 570
35 92 907
95 88 779
1 93 21
60 83 618
33 54 109
64 16 307
8 12 275
47 8 81
57 57 831
93 36 769
0 6 142
42 19 199
26 16 971
74 47 243
96 45 61
82 99 442
99 71 285
99 85 414
23 79 740
42 35 233
74 58 67
71 31 858
74 72 944
1 95 669
96 46 372
36 76 844
60 13 134
65 87 760
99 3 264
14 27 78
29 54 967
92 25 570
76 60 697
24 33 908
71 55 425
86 68 681
67 96 360
76 89 0
89 87 42
56 46 296
72 31 930
5 33 599
93 15 781
57 2 427
89 86 140
2 15 373
12 79 90
94 38 281
45 42 804
77 39 822
75 75 760
34 35 338
22 22 825
27 40 14
33 3 758
2 97 515
17 95 637
42 38 84
80 77 18
18 38 600
88 73 394
43 68 945
81 25 985
17 45 145
61 35 987
97 26 446
3 51 128
34 49 735
2 92 452
57 64 926
81 61 906
7 23 936
90 93 899
12 56 578
38 78 946
94 60 577
18 46 904
82 9 787
61 58 611
10 18 67
99 4 290
40 66 733
86 72 853
48 91 416
78 27 397
72 99 225
24 11 938
74 78 247
80 18 712
19 41 386
12 32 82
22 76 790
24 67 571
20 98 21
98 7 731
90 51 543
34 30 368
15 21 786
14 26 148
4 26 270
98 33 464
48 46 32
40 64 355
5 12 81
97 75 234
13 69 935
68 6 70
39 22 296
11 85 263
94 43 830
16 49 239
59 22 599
17 22 265
44 15 800
63 69 826
3 63 162
8 50 284
59 32 659
19 96 723
63 62 344
37 3 173
39 35 865
61 8 931
30 73 874
27 88 298
89 26 257
16 76 491
72 19 580
95 59 594
90 31 616
31 42 85
2 29 493
87 30 326
13 5 475
24 99 846
73 43 379
74 11 591
18 68 897
62 65 239
7 46 954
38 88 689
50 94 62
8 16 630
60 54 783
47 90 479
88 23 50
27 91 376
23 75 831
10 0 305
35 64 699
57 48 321
40 49 694
60 84 524
86 69 927
51 21 831
25 70 884
53 57 856
93 1 54
68 16 987
70 90 17
72 37 111
78 49 759
35 48 193
2 80 939
9 13 740
48 33 98
19 14 874
92 39 887
21 45 553
81 9 589
17 46 591
87 10 15
49 52 805
89 56 723
6 97 872
49 1 466
93 74 614
21 10 569
13 21 550
33 21 705
66 89 587
78 13 714
74 28 445
58 91 520
82 87 428
52 28 117
49 93 629
31 72 108
38 85 605
2 41 28
22 21 978
17 6 20
13 56 832
47 85 336
86 34 850
47 25 402
13 68 259
8 25 27
13 7 367
56 49 371
99 18 402
3 29 438
40 43 222
38 31 893
95 53 941
44 24 803
10 63 630
50 29 136
83 80 508
31 50 45
42 88 748
64 67 855
91 26 801
54 74 751
43 26 310
27 63 296
89 61 782
44 91 274
8 33 62
8 51 162
87 1 217
46 7 778
9 93 961
95 60 399
26 68 293
8 39 834
95 37 15
22 82 697
85 37 674
10 73 998
59 7 294
19 76 401
58 83 344
96 89 466
28 32 738
84 96 333
3 92 807
43 59 745
83 9 695
8 76 153
69 3 698
86 11 463
13 4 26
12 10 73
44 22 164
29 40 75
32 34 868
38 71 61
95 34 338
80 36 606
95 21 216
85 65 382
82 12 372
86 59 817
62 27 631
74 13 64
8 81 262
22 97 806
86 37 537
74 88 128
86 25 395
34 19 804
8 35 358
53 39 23
72 9 980
16 93 297
89 85 477
25 57 335
75 48 660
46 98 667
89 54 972
18 47 285
95 83 111
2 49 711
79 35 793
49 82 711
23 53 972
97 82 165
40 99 808
8 42 799
2 11 80
86 32 619
95 98 69
93 91 432
76 50 597
6 29 176
9 92 724
46 79 409
13 42 363
21 79 403
36 73 615
91 8 95
88 85 836
52 23 613
45 93 231
44 48 159
39 84 373
30 32 388
46 69 286
62 99 923
86 90 996
33 69 441
94 72 28
97 59 708
94 65 141
66 13 972
72 16 40
80 60 145
35 96 65
11 14 950
36 53 553
4 39 599
72 61 920
70 32 719
71 83 181
68 54 697
2 16 965
25 39 32
45 59 712
85 83 392
86 70 987
21 78 74
1 44 337
97 54 950
0 98 727
0 61 880
86 43 90
74 74 600
17 20 53
83 99 491
39 92 206
30 3 378
52 78 694
87 74 621
55 17 703
48 53 238
88 60 874
51 95 495
39 20 183
12 20 543
28 27 58
18 34 109
52 72 31
10 17 491
20 50 162
18 66 74
40 32 998
83 68 119
58 52 860
84 43 80
34 41 36
89 22 687
0 42 151
14 76 171
21 68 912
53 76 605
4 59 642
42 52 206
78 43 382
71 11 81
49 86 634
36 97 493
26 30 860
69 42 770
29 36 644
14 9 508
71 17 805
27 17 868
26 6 791
5 55 663
76 93 455
58 44 25
86 66 417
0 75 468
19 19 674
70 31 148
89 79 573
93 78 221
65 29 626
77 66 900
90 25 442
56 4 697
1 40 639
5 63 301
77 45 567
3 88 341
82 86 131
86 47 997
94 99 165
33 42 711
38 12 987
85 2 444
6 15 502
87 5 347
76 82 992
24 93 429
81 41 812
84 5 88
32 94 415
42 3 692
49 3 68
84 27 389
32 47 743
32 10 576
41 6 148
59 41 136
1 90 115
41 38 882
77 67 850
66 50 295
91 47 449
30 88 262
48 70 951
75 47 475
6 2 738
38 59 722
3 58 107
1 28 65
59 8 674
33 20 316
33 29 194
94 7 193
9 73 825
86 74 704
50 27 663
16 26 836
12 74 466
6 72 9
12 69 943
26 54 793
30 29 348
90 21 983
84 56 41
28 48 257
67 55 519
52 39 130
25 15 804
96 83 371
59 10 25
38 86 110
7 70 849
94 37 265
46 67 273
23 5 455
58 99 938
33 14 221
40 89 212
75 91 5
52 92 875
5 79 654
34 22 341
92 70 547
92 47 703
73 21 903
40 17 785
97 16 285
64 19 590
85 30 345
68 13 35
99 29 352
34 69 629
67 44 807
58 24 157
54 66 654
50 90 277
84 68 74
92 94 144
6 70 416
51 34 481
71 78 949
25 35 277
25 40 494
27 30 122
5 78 395
41 77 796
7 47 517
83 1 733
88 88 960
60 80 285
24 81 152
90 89 830
80 87 789
43 89 53
74 93 699
21 71 678
46 3 71
7 55 258
27 58 483
24 53 914
60 96 89
28 13 266
88 45 392
0 28 470
93 95 225
72 80 360
66 17 255
25 33 970
46 42 88
68 74 97
85 68 491
97 27 123
44 4 21
22 48 782
91 87 268
5 84 148
43 43 84
37 91 762
34 87 978
30 17 742
58 9 163
58 21 845
49 67 802
40 79 165
81 91 445
72 50 849
84 62 266
71 96 717
49 35 378
85 81 909
7 35 2
30 96 197
58 87 117
61 95 152
96 84 323
68 66 377
86 75 895
59 66 519
83 18 284
12 16 6
52 41 308
35 8 210
49 69 593
92 60 681
62 9 564
79 16 652
39 61 70
37 99 337
59 3 797
5 22 337
97 1 925
13 80 150
21 87 519
53 52 821
63 73 236
46 17 0
67 76 735
50 66 353
36 18 74
70 0 429
13 25 487
86 4 64
49 95 186
70 86 693
3 4 309
83 70 267
15 29 824
71 22 880
55 3 346
76 99 394
48 40 571
67 52 970
19 52 646
84 24 204
94 45 60
65 38 420
7 48 162
19 9 271
97 35 718
75 42 23
55 57 597
6 37 811
55 74 934
51 51 988
51 6 163
65 85 572
69 28 140
79 77 615
41 22 530
32 92 846
76 72 665
86 97 501
99 6 510
84 1 861
25 82 555
60 50 587
35 47 376
25 85 309
5 17 903
54 17 209
40 80 858
42 44 783
85 6 358
5 62 606
75 77 773
55 43 382
88 65 714
54 57 684
85 54 686
35 80 992
74 39 666
95 64 703
37 7 613
12 1 287
72 82 908
40 75 298
49 34 984
15 80 34
20 80 75
69 53 218
88 51 375
43 25 727
27 34 145
95 80 399
64 51 241
16 14 404
56 33 501
36 80 455
2 76 631
68 44 862
67 80 56
27 2 981
37 23 390
42 53 920
79 38 596
68 47 353
91 37 498
37 17 704
68 50 405
5 99 361
65 88 152
15 1 902
5 70 780
29 42 105
62 35 805
10 62 526
49 88 705
48 87 966
46 60 781
23 21 808
91 72 313
99 31 481
4 36 110
66 62 213
6 10 408
13 78 665
53 77 222
92 48 299
17 74 825
63 4 105
95 38 985
7 81 324
69 25 803
48 9 588
10 36 351
63 51 309
61 67 804
19 20 581
52 94 460
2 51 714
74 4 4
72 88 883
11 67 98
82 79 129
6 57 259
70 57 580
62 32 500
72 87 639
52 63 740
83 19 889
68 49 339
4 32 532
42 85 694
45 64 699
29 60 870
63 83 174
75 0 536
96 49 388
81 79 445
16 18 893
36 61 733
55 5 504
23 13 647
23 77 289
13 85 456
12 43 733
78 79 132
86 49 724
19 85 216
78 76 816
55 19 364
69 92 845
80 3 175
81 72 994
82 3 737
57 7 2
81 60 551
28 8 946
49 8 90
51 81 626
92 10 221
62 7 811
65 28 658
43 21 585
21 49 539
40 29 633
47 76 464
78 8 372
25 58 240
8 78 968
19 95 119
24 70 263
62 97 306
93 24 782
34 83 424
43 69 165
41 10 583
22 9 898
94 30 110
31 6 143
61 49 399
26 27 283
38 53 282
7 59 880
0 21 838
35 4 749
64 54 503
91 74 584
91 92 672
12 42 177
10 39 801
15 37 839
74 98 613
43 18 20
54 39 417
55 95 308
61 51 966
74 83 739
85 79 459
4 48 382
89 84 952
89 9 117
66 73 900
51 16 226
94 97 33
42 45 529
56 0 725
76 78 478
0 66 544
24 62 177
2 61 804
41 23 277
48 75 633
61 52 134
85 91 349
35 15 492
85 39 704
5 73 981
71 15 276
72 15 211
11 53 814
83 59 946
14 12 454
83 54 751
12 46 634
87 89 580
43 33 817
21 57 319
49 11 345
60 1 865
20 73 792
85 12 437
34 65 592
48 8 323
87 68 659
1 10 871
20 95 576
24 54 498
97 88 557
82 13 646
66 33 723
1 60 139
42 39 255
0 9 879
91 56 302
44 41 449
98 50 302
18 10 471
84 55 975
77 0 370
12 94 920
18 21 956
74 77 345
27 81 853
5 13 476
88 9 953
89 97 565
70 15 634
4 85 969
88 2 201
57 26 146
38 92 322
4 69 998
44 87 120
96 79 944
39 9 385
70 1 716
7 90 254
49 30 473
93 6 601
72 78 457
0 41 436
60 63 224
77 86 736
50 78 951
22 35 900
91 45 198
59 24 235
48 2 172
8 84 427
88 87 411
38 66 372
27 73 514
11 71 626
95 87 737
22 17 658
7 22 816
45 77 621
57 52 406
1 9 408
0 30 202
1 36 43
14 50 715
37 97 584
1 47 910
22 55 135
84 15 744
55 8 952
35 16 913
1 99 165
40 48 899
16 61 981
79 2 97
22 64 737
1 68 248
20 53 927
85 8 827
48 57 796
34 36 522
47 34 429
86 92 127
0 46 160
21 84 26
20 33 986
47 55 50
67 68 765
78 64 870
67 48 816
56 25 333
87 92 356
37 28 486
34 79 364
93 93 827
72 93 436
31 41 339
7 9 281
51 42 728
42 65 539
4 7 752
97 4 680
93 88 695
50 21 670
73 72 205
24 91 408
24 46 980
54 81 788
78 65 481
2 35 986
76 22 36
93 19 527
27 10 880
70 95 432
13 30 401
42 0 749
11 77 861
59 16 62
66 97 41
35 77 654
47 69 800
53 5 480
95 77 177
58 66 109
20 68 619
63 49 814
5 27 837
44 64 940
40 23 178
26 61 510
9 11 251
9 62 42
74 53 56
39 26 537
22 45 337
51 30 32
17 38 385
71 45 880
92 8 675
49 64 485
85 17 637
3 34 495
8 32 177
31 37 22
27 53 985
54 71 497
37 44 824
32 60 1
91 4 980
67 30 222
38 11 447
95 91 843
79 70 456
66 79 427
86 95 100
89 29 648
34 0 183
87 32 616
85 50 976
94 58 619
61 91 567
28 73 63
72 77 808
11 80 943
42 7 465
63 6 35
88 24 485
99 24 556
55 45 302
68 19 22
14 63 349
46 1 309
84 57 450
79 74 351
90 48 835
70 49 480
48 59 261
9 18 883
45 36 524
47 37 471
28 65 471
96 73 635
48 11 139
26 5 855
37 62 404
41 11 431
95 18 919
25 37 166
80 56 40
81 27 705
77 50 899
61 97 274
67 85 948
39 98 588
85 86 862
15 98 655
59 50 345
56 19 301
56 77 539
59 14 513
63 25 764
15 19 690
0 70 3
63 81 858
42 55 450
90 63 994
37 74 809
87 27 69
89 80 237
5 39 237
3 87 766
14 57 436
58 7 215
7 36 781
8 38 510
72 10 943
69 67 158
10 90 660
71 86 818
25 83 206
21 9 80
95 76 792
88 31 246
22 79 976
49 57 936
5 65 500
33 74 942
41 24 948
49 98 553
18 72 936
18 49 580
23 90 143
65 21 915
72 22 131
32 80 237
68 78 622
96 90 651
72 29 408
16 57 348
54 90 462
66 41 847
37 16 902
53 75 878
10 56 458
58 63 810
62 87 220
90 11 399
79 57 637
12 78 332
61 65 444
38 21 812
33 51 664
97 49 982
84 81 366
20 97 643
48 60 229
52 36 323
0 86 72
51 78 943
22 20 781
4 5 738
48 30 388
29 13 440
18 17 726
74 10 379
55 4 59
80 9 946
78 38 441
49 19 631
2 91 888
26 66 380
10 16 298
20 71 669
21 81 151
84 16 251
94 6 521
71 61 954
6 85 287
61 14 327
20 36 200
57 89 720
70 62 341
67 11 214
7 99 93
49 14 449
44 69 299
67 12 623
12 7 346
7 96 469
19 70 40
82 24 290
78 88 626
21 46 570
60 29 185
71 85 398
36 4 511
89 41 116
36 13 808
82 30 930
61 19 274
45 80 221
30 19 811
92 97 352
92 64 25
42 87 685
0 20 416
96 65 414
72 81 959
9 89 61
52 46 863
19 17 565
74 24 96
76 5 216
41 91 304
8 29 239
53 23 860
52 13 443
47 30 703
86 13 245
50 13 838
66 48 982
18 44 836
13 3 542
36 99 148
63 52 515
5 16 327
86 78 415
70 50 481
31 78 494
79 8 947
26 90 750
96 27 433
61 56 277
46 89 562
38 23 624
39 91 988
8 54 57
72 1 593
33 19 190
0 84 462
57 98 573
22 72 444
86 31 66
79 14 830
66 47 430
98 59 213
19 29 864
63 53 989
54 77 715
69 55 1
29 57 707
65 57 489
33 25 39
73 68 52
81 88 324
81 12 362
66 58 756
75 4 965
79 76 202
8 31 124
35 33 289
72 68 972
82 16 102
84 61 118
80 66 911
48 48 370
44 53 541
84 39 874
19 50 48
28 17 970
19 26 236
87 78 605
2 58 257
78 16 766
15 89 998
43 2 873
10 81 73
25 50 644
5 49 201
74 68 88
71 41 273
30 6 467
12 50 497
93 37 516
33 80 758
52 29 671
94 73 860
8 88 868
34 75 572
70 6 493
50 30 152
41 27 897
29 98 454
95 0 539
88 75 745
0 2 650
54 40 795
42 11 14
21 98 663
30 78 267
21 17 330
48 93 298
53 91 575
17 99 317
32 69 832
22 80 877
54 85 512
3 41 969
8 72 33
63 33 869
50 44 193
6 19 422
24 95 917
22 5 379
38 57 480
68 17 710
77 91 900
15 85 447
12 14 669
62 46 923
44 97 197
94 98 381
59 58 640
90 85 295
21 93 275
49 99 463
70 64 40
77 47 700
35 27 857
74 75 45
11 32 997
78 80 328
57 62 983
68 18 490
80 64 64
29 66 645
76 69 348
0 7 441
42 10 441
31 64 295
81 0 301
74 71 783
45 67 616
98 26 838
68 15 703
77 95 98
48 12 40
23 78 295
93 9 98
78 95 218
67 65 944
39 0 902
72 73 190
32 76 646
97 46 723
43 46 14
80 38 985
60 2 794
26 9 178
90 3 60
16 88 281
98 99 862
76 3 768
60 19 648
12 81 494
53 99 386
60 93 854
8 2 757
93 60 108
95 5 825
53 51 600
30 90 834
71 28 815
16 34 516
32 97 311
66 87 73
96 11 479
3 36 759
39 86 776
25 48 768
2 85 158
13 65 825
6 84 100
82 57 997
64 34 599
2 33 615
14 35 977
82 73 255
53 37 225
45 3 970
0 40 184
32 11 410
24 68 811
41 70 874
49 78 416
7 89 91
0 11 993
17 61 522
25 72 234
90 29 709
19 13 904
98 93 550
81 15 254
69 44 538
41 60 150
67 41 354
61 77 718
80 95 214
3 17 581
80 27 580
1 3 201
35 99 591
71 37 530
20 42 500
86 83 226
16 36 825
74 31 264
33 60 930
88 68 121
98 67 721
80 11 737
13 44 360
50 58 914
15 58 247
24 21 679
3 61 105
50 49 828
16 51 490
16 28 480
73 93 594
91 24 788
21 1 606
86 55 856
43 42 376
87 77 882
83 51 328
0 4 522
29 68 514
93 83 644
22 3 237
21 63 674
97 7 88
90 57 578
20 30 503
56 47 68
52 54 402
11 63 706
48 3 585
21 34 49
61 25 5
60 39 860
37 85 84
18 41 443
95 48 28
11 33 55
26 99 491
14 95 910
60 23 51
99 45 108
18 43 715
77 81 897
53 9 993
13 93 699
72 30 511
3 53 572
69 81 911
59 48 181
37 1 395
54 9 788
28 29 907
36 43 426
24 65 470
86 1 140
16 3 586
88 62 852
74 32 437
70 23 38
55 50 389
93 80 522
71 1 365
62 3 74
31 96 338
29 77 881
84 91 289
10 86 902
78 53 733
26 2 663
41 44 644
0 0 550
28 28 592
75 44 577
42 96 73
85 71 61
14 4 273
28 80 520
21 51 304
9 22 220
88 26 770
12 53 295
66 84 667
86 24 210
18 39 607
74 69 768
35 76 594
71 4 924
7 50 227
37 57 718
26 24 139
40 85 39
30 4 243
24 98 493
56 91 374
55 23 251
57 6 735
97 8 321
54 0 247
20 34 849
44 80 861
20 94 92
50 19 332
54 6 672
95 78 383
19 68 771
79 31 905
31 90 196
38 28 448
52 79 330
1 27 986
85 27 688
56 57 419
92 56 583
99 68 41
72 48 461
6 58 844
2 12 973
50 75 944
83 46 227
12 26 403
78 67 553
67 32 16
82 35 150
74 89 909
7 77 33
60 58 634
34 20 516
33 48 780
82 71 763
28 24 606
32 72 358
96 50 794
97 32 59
54 42 66
86 15 373
61 21 858
99 90 905
58 37 525
56 86 398
99 13 927
77 65 346
55 14 908
9 46 424
33 66 96
1 23 622
68 73 219
37 78 85
55 58 851
97 63 409
18 56 440
66 35 39
17 97 121
75 29 949
25 41 516
33 79 789
34 98 563
59 19 855
50 76 364
95 47 62
22 70 139
10 28 240
17 5 54
47 50 980
93 3 773
1 59 583
44 78 479
42 8 235
62 18 527
15 43 716
38 37 748
90 44 708
55 31 582
39 7 80
47 57 78
36 84 669
87 67 122
8 55 203
68 84 804
28 56 571
91 44 716
12 51 509
31 18 123
69 10 842
44 93 167
92 12 713
26 17 592
80 78 315
85 4 236
5 71 38
15 95 825
77 85 871
63 67 250
23 47 303
70 47 480
25 61 603
89 25 38
91 58 813
86 65 17
6 78 172
10 80 983
23 12 84
8 71 358
80 7 36
96 56 676
21 64 643
87 24 89
83 5 613
31 4 593
41 61 567
28 72 969
46 33 741
25 46 991
41 99 609
68 32 920
75 12 907
95 65 635
49 26 101
91 22 395
99 16 960
61 31 194
14 90 263
23 31 475
16 15 184
38 51 403
65 65 417
62 58 507
72 17 291
23 61 220
73 92 432
0 53 787
96 3 351
57 92 825
79 60 639
60 4 644
62 69 168
65 25 170
49 42 515
69 0 188
44 96 314
43 93 453
88 80 169
7 20 92
73 10 365
29 38 155
28 38 804
54 7 879
40 88 297
73 52 166
65 99 355
11 91 350
86 5 596
17 4 859
5 94 505
57 4 49
56 21 34
98 40 892
74 84 494
70 88 32
18 82 980
31 46 113
57 59 22
19 90 778
34 58 427
64 77 735
94 55 464
81 84 933
93 77 598
61 86 721
61 76 473
33 84 439
78 92 778
84 65 885
36 89 914
66 9 820
51 77 617
63 92 618
27 38 327
96 32 865
52 32 334
26 91 480
85 88 160
8 68 847
54 75 39
64 14 584
5 51 341
18 3 475
10 30 707
39 45 94
48 86 965
6 43 917
46 46 550
33 44 739
72 35 463
27 46 800
48 51 386
29 76 703
81 65 853
28 51 217
44 28 928
46 52 911
42 18 893
4 1 563
49 2 575
51 19 922
63 89 457
64 49 233
39 19 779
47 31 714
36 70 241
87 26 932
40 37 361
74 40 305
17 43 655
2 34 552
6 39 209
8 87 417
49 16 715
21 22 266
25 52 285
61 50 464
81 67 407
73 77 533
24 31 985
78 82 515
22 60 701
87 38 316
28 53 699
93 72 730
44 54 551
52 75 761
79 92 396
67 93 716
83 91 982
90 24 630
90 53 527
82 76 676
75 50 599
90 38 220
50 61 537
89 21 708
64 83 907
99 37 187
0 19 978
45 23 216
29 32 958
46 40 96
31 89 666
76 27 334
26 11 98
63 80 53
21 35 335
40 4 700
27 57 915
16 84 749
41 94 445
4 84 553
86 85 813
15 40 142
44 44 630
73 51 200
15 60 53
74 19 868
78 1 420
96 92 346
94 88 781
78 60 67
71 90 484
91 78 731
9 0 660
68 43 636
79 94 525
58 74 792
68 68 820
87 25 387
66 10 345
7 67 335
85 69 637
60 85 384
99 10 915
20 11 702
60 51 866
91 31 820
18 7 752
92 89 344
35 88 498
70 18 639
72 41 731
4 55 125
30 16 945
41 53 215
95 22 699
55 33 969
53 84 0
77 56 506
42 23 823
33 35 631
57 66 930
72 86 719
67 89 85
28 74 823
29 34 407
53 98 305
46 25 478
40 83 854
45 5 541
55 94 414
40 14 646
36 24 92
9 95 477
27 94 519
8 97 98
80 33 123
27 4 156
34 50 208
41 57 922
73 36 253
16 13 915
76 23 82
14 46 281
66 60 199
88 16 305
43 61 822
54 12 450
37 31 509
52 6 319
46 73 684
27 9 533
62 64 637
34 17 899
94 14 484
19 16 993
55 12 160
26 73 57
65 94 92
24 51 540
52 22 941
74 38 462
56 72 499
61 61 17
48 98 928
20 64 478
96 37 877
70 61 464
92 58 587
43 31 8
4 12 672
86 20 484
15 93 59
44 79 607
37 22 390
77 62 944
99 25 670
77 18 469
13 96 907
27 96 219
22 88 67
58 0 315
97 41 145
35 41 422
31 20 586
99 88 995
45 48 145
73 6 362
7 57 565
54 29 41
93 49 828
68 46 263
67 53 30
9 32 806
26 23 227
74 86 226
67 25 667
67 91 87
50 12 571
19 37 438
45 14 551
71 18 757
60 35 860
47 93 406
22 50 474
85 11 230
22 57 380
31 61 209
37 80 131
61 18 76
64 7 999
25 16 366
86 14 204
84 37 579
77 32 369
32 20 234
73 39 95
36 92 584
44 88 142
12 82 903
91 12 639
27 80 240
21 48 313
58 60 71
11 86 793
20 74 398
16 6 604
21 31 225
58 29 372
26 51 201
38 47 216
41 81 618
53 32 863
20 2 108
10 12 933
62 79 144
7 26 985
68 1 191
67 4 138
32 78 738
70 94 566
11 22 134
87 88 745
29 16 739
80 28 24
70 26 616
3 11 572
93 14 353
82 40 547
11 0 171
57 9 732
89 10 816
57 85 758
54 22 285
0 80 388
22 56 332
6 44 598
49 96 893
59 94 688
88 22 526
59 89 189
33 34 467
72 76 860
12 49 710
53 38 834
74 34 293
16 73 778
66 66 642
88 19 930
85 96 275
71 9 491
18 58 301
80 97 423
45 34 716
24 76 681
57 14 747
66 23 711
83 66 146
50 54 475
55 97 339
75 54 416
62 8 323
32 0 58
91 96 629
28 35 914
7 43 721
15 33 92
81 57 518
26 74 669
89 96 780
38 95 191
59 37 666
47 79 36
87 12 982
99 9 895
54 64 593
41 42 169
97 56 679
47 24 563
0 77 708
90 15 651
84 28 321
35 91 460
51 31 841
73 62 541
25 9 190
96 98 927
28 37 52
39 65 457
89 71 640
67 70 533
68 99 624
93 52 636
79 62 905
2 98 153
78 11 590
0 78 874
18 27 76
14 83 969
2 3 277
9 68 997
71 24 378
50 14 943
20 51 203
43 78 218
18 23 521
27 18 378
17 88 786
38 56 37
33 72 234
30 80 112
6 41 102
50 92 805
49 60 314
90 67 111
11 59 709
12 30 994
92 17 595
77 11 492
98 62 111
75 15 69
42 63 483
97 64 707
6 91 584
98 16 608
56 82 684
83 6 631
10 95 508
9 56 952
46 91 325
44 8 836
78 58 130
10 2 200
13 62 608
43 54 130
34 44 722
73 31 975
44 75 845
69 87 868
65 63 451
86 98 764
65 14 687
67 5 138
66 7 376
74 67 664
83 57 221
1 57 707
64 90 131
48 94 244
66 53 732
23 96 271
28 33 869
86 38 364
63 85 42
49 84 924
61 3 932
48 88 356
38 34 957
66 20 230
20 88 677
3 32 538
48 15 196
53 59 475
15 34 539
12 61 356
69 95 222
44 11 824
58 95 64
39 53 467
82 21 162
69 66 430
16 23 155
19 57 607
94 12 206
78 41 936
28 39 106
44 59 203
59 23 227
63 26 321
64 60 506
95 99 684
75 82 536
70 82 977
81 36 596
29 64 470
32 39 902
98 22 384
80 84 322
21 2 136
76 59 387
68 94 574
7 14 186
98 77 33
8 11 330
86 94 641
79 61 73
89 98 938
44 37 35
33 1 911
57 16 860
16 56 93
44 86 199
98 24 398
12 89 106
28 57 285
28 94 950
68 57 155
79 11 893
15 56 552
41 26 964
73 7 688
82 15 338
52 86 402
94 59 8
68 86 977
89 46 518
94 5 595
25 60 326
53 47 487
27 21 283
87 44 827
72 56 471
12 91 637
11 7 915
55 91 453
70 13 351
91 20 355
54 30 477
36 39 882
50 32 0
4 9 705
68 63 765
83 22 798
37 49 292
33 97 542
8 43 456
60 67 144
23 95 216
89 7 98
7 41 359
51 25 309
53 50 47
58 73 352
47 84 843
47 52 414
13 54 211
56 55 759
57 17 954
54 94 491
77 74 331
22 27 442
54 95 752
41 59 775
0 91 537
43 64 517
73 53 1
40 97 822
74 76 331
75 39 147
38 39 597
41 84 283
47 35 828
98 47 870
27 79 693
98 78 142
27 84 835
45 25 902
53 3 925
57 93 758
43 10 131
40 86 189
72 55 154
55 81 691
51 53 772
79 42 289
70 2 573
92 63 663
58 68 346
16 79 395
20 70 175
17 84 686
90 94 380
40 67 888
66 28 839
98 17 250
17 44 976
20 47 197
68 85 834
26 79 475
20 21 324
15 8 512
25 27 763
48 31 166
71 57 904
42 82 420
8 49 579
24 43 925
44 32 361
7 69 788
41 8 177
14 45 864
0 36 888
37 13 668
3 64 716
37 64 690
46 50 420
28 6 516
83 31 24
31 51 254
42 24 909
13 50 846
22 43 319
68 58 787
86 12 618
48 41 969
22 1 994
36 59 453
55 13 85
16 4 246
44 57 600
62 5 597
71 39 69
54 80 682
55 26 869
61 79 252
5 25 371
74 30 261
53 10 918
33 95 795
45 60 161
23 81 946
27 44 284
51 99 590
49 43 47
82 83 968
31 80 975
84 46 610
19 65 719
28 81 16
38 94 564
92 34 523
17 80 995
98 9 191
7 8 937
97 68 715
90 40 173
49 54 334
98 89 376
86 27 512
26 70 151
23 0 351
18 60 274
2 8 612
52 40 52
33 16 162
90 62 989
36 8 187
74 79 510
86 52 880
77 29 696
33 49 176
14 41 969
28 44 392
12 24 958
80 29 64
23 8 463
53 11 800
92 51 881
20 18 66
6 76 612
4 16 277
8 94 969
63 77 662
50 52 533
31 9 630
60 16 445
34 71 934
82 31 924
44 42 902
26 55 248
72 36 482
18 4 367
76 43 88
45 24 87
44 26 792
15 36 673
56 66 655
12 2 370
26 21 547
50 42 664
15 82 422
97 96 688
44 55 803
66 22 737
90 35 412
90 75 551
69 75 37
2 89 128
14 49 68
90 2 716
77 9 452
75 40 260
79 29 292
84 44 424
57 1 863
19 15 50
30 81 484
28 84 747
53 13 220
5 14 128
36 14 257
91 17 820
6 34 349
98 12 756
0 44 154
77 26 761
22 87 953
72 0 86
98 97 673
88 54 364
1 58 302
17 16 778
17 64 614
32 38 158
58 3 261
75 63 98
47 46 728
36 22 56
10 35 726
74 35 331
78 2 261
34 45 711
31 31 238
18 75 39
6 5 252
78 81 751
76 65 942
42 31 907
21 5 656
4 11 3
32 35 124
69 80 328
90 27 792
96 57 635
92 37 23
47 99 871
62 29 827
79 67 343
14 51 455
66 65 120
28 22 393
43 34 266
62 11 419
35 69 860
27 8 840
38 54 698
43 87 606
11 9 204
28 21 100
82 43 871
19 35 508
6 48 192
4 42 218
68 91 658
27 23 441
26 80 236
40 16 621
87 46 647
45 11 178
56 74 759
48 97 938
75 96 397
26 96 280
4 89 981
42 93 633
98 87 181
94 9 113
21 38 936
51 23 277
42 51 137
71 33 969
35 57 594
81 83 798
80 76 478
30 72 489
75 59 517
29 58 68
7 76 620
4 40 510
71 81 350
68 79 254
13 11 574
36 37 685
48 25 198
5 81 203
38 74 373
19 67 156
49 44 195
34 28 368
30 56 753
49 23 780
5 56 167
4 35 779
69 96 209
26 33 398
7 68 527
55 15 111
8 70 586
29 96 387
88 42 934
98 45 560
2 87 703
16 0 480
41 13 769
29 15 72
31 67 807
83 56 33
22 44 958
61 37 155
36 52 797
23 98 957
83 96 585
97 48 656
96 85 843
25 38 257
54 7 670
5 6 529
98 5 464
4 8 489
97 37 869
40 34 660
43 81 579
62 42 116
45 55 986
0 52 906
50 46 368
70 76 431
34 1 853
26 26 591
22 33 386
39 14 309
28 43 985
88 95 315
59 62 393
19 74 516
13 9 128
6 77 904
40 77 5
91 38 803
72 60 454
36 15 540
24 87 355
53 33 170
99 77 172
11 26 809
55 59 536
42 90 386
61 82 992
79 73 163
99 36 259
19 48 390
47 26 730
73 63 705
51 75 815
82 14 250
75 69 137
26 46 775
87 34 200
97 70 179
68 22 831
18 45 411
56 36 989
93 96 502
32 55 506
20 37 70
86 9 583
15 3 917
35 28 365
78 28 717
76 8 161
80 80 942
97 45 878
57 55 319
72 46 983
59 71 758
67 90 824
39 63 650
67 71 147
32 26 926
49 58 379
52 20 193
98 46 646
70 14 357
99 14 697
17 30 680
97 89 484
31 86 173
76 12 676
19 86 587
83 16 218
59 11 753
59 47 14
60 10 410
47 74 211
80 81 287
37 58 49
11 72 937
58 56 673
20 79 834
59 38 392
77 88 975
26 84 537
4 75 524
17 25 397
34 13 173
18 69 322
75 25 569
66 5 700
45 74 153
95 69 814
97 14 663
78 56 415
95 4 59
89 44 537
10 48 659
16 60 675
90 10 264
13 79 321
23 39 39
40 21 722
73 23 268
42 12 263
76 20 43
45 57 938
79 95 397
18 20 277
14 70 913
91 30 694
89 13 685
88 97 319
54 63 197
60 52 34
68 87 39
63 45 574
34 99 779
60 47 84
67 3 437
4 24 338
47 10 531
33 83 177
20 83 497
87 62 80
31 85 539
